JobID	Arrival Time	Avg MT	Avg RT	Num MT	Num RT	Min MT	Max MT	Deadline
job0	49	100	20.00172475	1	6	95	105	125.0017248
job1	101	100	20.00171444	1	6	95	105	125.0017144
job2	122	100	20.00062313	1	6	95	105	125.0006231
job3	197	100	20.00054348	1	6	95	105	125.0005435
job4	208	100	20.0084361	1	6	95	105	125.0084361
job5	349	100	20.00054348	1	6	95	105	125.0005435
job6	373	100	20.00581588	1	6	95	105	125.0058159
job7	379	100	20.00054348	1	6	95	105	125.0005435
job8	463	100	20.00510617	1	6	95	105	125.0051062
job9	487	100	20.00235182	1	6	95	105	125.0023518
job10	497	100	20.00004553	1	6	95	105	125.0000455
job11	609	100	20.00225414	1	6	95	105	125.0022541
job12	666	100	20.00225414	1	6	95	105	125.0022541
job13	698	100	20.00225414	1	6	95	105	125.0022541
job14	724	100	20.00003848	1	6	95	105	125.0000385
job15	930	100	20.00014443	1	6	95	105	125.0001444
job16	1112	100	20.0001141	1	6	95	105	125.0001141
job17	1128	100	43.92286225	154	6	95	105	148.9228623
job18	1180	100	20.0001141	1	6	95	105	125.0001141
job19	1185	100	31.1210733	72	6	95	105	136.1210733
job20	1187	100	20.00000984	1	6	95	105	125.0000098
job21	1214	100	20.0001141	1	6	95	105	125.0001141
job22	1234	100	20	1	6	95	105	125
job23	1262	100	20.00005541	1	6	95	105	125.0000554
job24	1285	100	20	1	6	95	105	125
job25	1420	100	20.05364911	1	6	95	105	125.0536491
job26	1453	100	20.00252368	1	6	95	105	125.0025237
job27	1496	100	20.00187297	1	6	95	105	125.001873
job28	1525	100	20.00037322	1	6	95	105	125.0003732
job29	1665	100	20.00031854	1	6	95	105	125.0003185
job30	1669	100	20.00031854	1	6	95	105	125.0003185
job31	1700	100	22.430284	16	6	95	105	127.430284
job32	1725	100	20.00031854	1	6	95	105	125.0003185
job33	1746	100	20.00004624	1	6	95	105	125.0000462
job34	1856	100	20.00002633	1	6	95	105	125.0000263
job35	1974	100	20.00000018	1	6	95	105	125.0000002
job36	1975	100	20.00000025	1	6	95	105	125.0000003
job37	1975	100	20.00000175	1	6	95	105	125.0000018
job38	1976	100	20.00012437	1	6	95	105	125.0001244
job39	1977	100	20.00002192	1	6	95	105	125.0000219
job40	1981	100	20.00000092	1	6	95	105	125.0000009
job41	2181	100	20.00000029	1	6	95	105	125.0000003
job42	2228	100	20.00000084	1	6	95	105	125.0000008
job43	2281	100	20.16196605	2	6	95	105	125.1619661
job44	2323	100	20.00000058	1	6	95	105	125.0000006
job45	2647	100	20.001361	1	6	95	105	125.001361
job46	2684	100	20.00282415	1	6	95	105	125.0028242
job47	2752	100	20.0012612	1	6	95	105	125.0012612
job48	2793	100	20.0012612	1	6	95	105	125.0012612
job49	2826	100	20.0012612	1	6	95	105	125.0012612
job50	2856	100	20.00003495	1	6	95	105	125.000035
job51	2863	100	20.00062856	1	6	95	105	125.0006286
job52	2872	100	20.00616005	1	6	95	105	125.0061601
job53	2876	100	20.00000018	1	6	95	105	125.0000002
job54	2877	100	20.00000179	1	6	95	105	125.0000018
job55	2877	100	20.00000058	1	6	95	105	125.0000006
job56	2878	100	20.00000014	1	6	95	105	125.0000001
job57	2879	100	20.00012437	1	6	95	105	125.0001244
job58	2924	100	20.00055706	1	6	95	105	125.0005571
job59	2928	100	20.00000014	1	6	95	105	125.0000001
job60	2977	100	20.00000014	1	6	95	105	125.0000001
job61	3054	100	20.00000014	1	6	95	105	125.0000001
job62	3092	100	20.00000014	1	6	95	105	125.0000001
job63	3137	100	20.00000014	1	6	95	105	125.0000001
job64	3171	100	20.00000014	1	6	95	105	125.0000001
job65	3174	100	20.00000116	1	6	95	105	125.0000012
job66	3213	100	20.00000014	1	6	95	105	125.0000001
job67	3263	100	20.00000014	1	6	95	105	125.0000001
job68	3316	100	20.00000014	1	6	95	105	125.0000001
job69	3352	100	43.92286225	154	6	95	105	148.9228623
job70	3392	100	20.00000014	1	6	95	105	125.0000001
job71	3418	100	20.002349	122	6	95	105	125.002349
job72	3450	100	20.00000014	1	6	95	105	125.0000001
job73	3475	100	20.00000041	1	6	95	105	125.0000004
job74	3476	100	20.00000179	1	6	95	105	125.0000018
job75	3520	100	20.00000014	1	6	95	105	125.0000001
job76	3570	100	20.00581588	1	6	95	105	125.0058159
job77	3571	100	20.00000014	131	6	95	105	125.0000001
job78	3601	100	20.00002003	1	6	95	105	125.00002
job79	3630	100	20.00000014	1	6	95	105	125.0000001
job80	3646	100	20.00000019	1	6	95	105	125.0000002
job81	3678	100	20.00000014	1	6	95	105	125.0000001
job82	3719	100	20.00012034	1	6	95	105	125.0001203
job83	3747	100	20.00002384	1	6	95	105	125.0000238
job84	3759	100	22.45934787	16	6	95	105	127.4593479
job85	3813	100	20.91458455	6	6	95	105	125.9145846
job86	3860	100	20.00000044	1	6	95	105	125.0000004
job87	3860	100	20.0000002	1	6	95	105	125.0000002
job88	3868	100	20.00002384	1	6	95	105	125.0000238
job89	3873	100	20.87580288	6	6	95	105	125.8758029
job90	3889	100	20.00012034	1	6	95	105	125.0001203
job91	3904	100	20.00000023	1	6	95	105	125.0000002
job92	3958	100	20.00002023	1	6	95	105	125.0000202
job93	4006	100	20.00004944	1	6	95	105	125.0000494
job94	4046	100	20.00012034	1	6	95	105	125.0001203
job95	4102	100	20.00017871	1	6	95	105	125.0001787
job96	4139	100	20.00024463	1	6	95	105	125.0002446
job97	4146	100	31.94698575	77	6	95	105	136.9469858
job98	4160	100	20.00000022	1	6	95	105	125.0000002
job99	4160	100	20.00000018	1	6	95	105	125.0000002
job100	4161	100	20.00000059	1	6	95	105	125.0000006
job101	4163	100	64.22258361	284	6	95	105	169.2225836
job102	4179	100	22.48656159	16	6	95	105	127.4865616
job103	4191	100	20.0002125	1	6	95	105	125.0002125
job104	4205	100	20.00012034	1	6	95	105	125.0001203
job105	4224	100	20.00000391	1	6	95	105	125.0000039
job106	4247	100	30.68641696	69	6	95	105	135.686417
job107	4271	100	20.0002125	1	6	95	105	125.0002125
job108	4281	100	20.00016953	1	6	95	105	125.0001695
job109	4309	100	24.94982993	32	6	95	105	129.9498299
job110	4317	100	20.0002125	1	6	95	105	125.0002125
job111	4361	100	20.00004509	1	6	95	105	125.0000451
job112	4375	100	20.00012034	1	6	95	105	125.0001203
job113	4456	100	20.00002023	1	6	95	105	125.0000202
job114	4469	100	20.28025755	2	6	95	105	125.2802576
job115	4504	100	24.62351232	30	6	95	105	129.6235123
job116	4504	100	20.04680392	1	6	95	105	125.0468039
job117	4517	100	20.00000022	1	6	95	105	125.0000002
job118	4576	100	20.00012034	1	6	95	105	125.0001203
job119	4610	100	20.00838547	1	6	95	105	125.0083855
job120	4632	100	20.00000021	1	6	95	105	125.0000002
job121	4644	100	20.28367764	2	6	95	105	125.2836776
job122	4654	100	20.00002384	1	6	95	105	125.0000238
job123	4680	100	20.00214873	1	6	95	105	125.0021487
job124	4711	100	26.39255529	41	6	95	105	131.3925553
job125	4747	100	20	1	6	95	105	125
job126	4764	100	20.04329805	1	6	95	105	125.0432981
job127	4766	100	20	1	6	95	105	125
job128	4783	100	20.00002003	1	6	95	105	125.00002
job129	4793	100	20.01273247	1	6	95	105	125.0127325
job130	4807	100	20.00004944	1	6	95	105	125.0000494
job131	4831	100	20.03925967	1	6	95	105	125.0392597
job132	4832	100	20.00012054	1	6	95	105	125.0001205
job133	4912	100	20.00000833	1	6	95	105	125.0000083
job134	4927	100	20.63825728	5	6	95	105	125.6382573
job135	4941	100	20.00002384	1	6	95	105	125.0000238
job136	4990	100	20.00012034	1	6	95	105	125.0001203
job137	4997	100	21.57618369	11	6	95	105	126.5761837
job138	5023	100	20.00000023	1	6	95	105	125.0000002
job139	5054	100	20.00002384	1	6	95	105	125.0000238
job140	5061	100	20.0000725	1	6	95	105	125.0000725
job141	5061	100	20.00000022	1	6	95	105	125.0000002
job142	5062	100	20.0000002	1	6	95	105	125.0000002
job143	5062	100	20.00000018	1	6	95	105	125.0000002
job144	5063	100	20.00000026	1	6	95	105	125.0000003
job145	5064	100	20.00001147	1	6	95	105	125.0000115
job146	5064	100	20.00011921	1	6	95	105	125.0001192
job147	5066	100	64.17347504	283	6	95	105	169.173475
job148	5070	100	20.00000018	1	6	95	105	125.0000002
job149	5098	100	20.00000059	1	6	95	105	125.0000006
job150	5108	100	20.00001147	1	6	95	105	125.0000115
job151	5115	100	52.67812941	210	6	95	105	157.6781294
job152	5138	100	20.00006344	1	6	95	105	125.0000634
job153	5148	100	20.00002023	1	6	95	105	125.0000202
job154	5154	100	20.00011874	1	6	95	105	125.0001187
job155	5162	100	20.00001147	1	6	95	105	125.0000115
job156	5162	100	20.00012034	1	6	95	105	125.0001203
job157	5212	100	20.00001147	1	6	95	105	125.0000115
job158	5222	100	20.00000059	1	6	95	105	125.0000006
job159	5222	100	20.00011525	1	6	95	105	125.0001153
job160	5239	100	20.0000109	1	6	95	105	125.0000109
job161	5253	100	20.0462056	1	6	95	105	125.0462056
job162	5267	100	20.62074557	4	6	95	105	125.6207456
job163	5268	100	20.01715495	1	6	95	105	125.017155
job164	5290	100	20.00001017	1	6	95	105	125.0000102
job165	5311	100	32.38330622	80	6	95	105	137.3833062
job166	5342	100	20.00000152	1	6	95	105	125.0000015
job167	5343	100	20.00012034	1	6	95	105	125.0001203
job168	5362	100	20.19132128	2	6	95	105	125.1913213
job169	5383	100	20.01445905	1	6	95	105	125.0144591
job170	5420	100	20.0036465	1	6	95	105	125.0036465
job171	5441	100	20.00002003	1	6	95	105	125.00002
job172	5483	100	20.00012034	1	6	95	105	125.0001203
job173	5484	100	20.0018805	1	6	95	105	125.0018805
job174	5485	100	20.0302772	1	6	95	105	125.0302772
job175	5528	100	20.00355723	1013	6	95	105	125.0035572
job176	5534	100	20.00355723	1	6	95	105	125.0035572
job177	5563	100	20.00355723	1	6	95	105	125.0035572
job178	5600	100	20.0000519	1	6	95	105	125.0000519
job179	5631	100	20.00012034	1	6	95	105	125.0001203
job180	5636	100	20.93291138	6	6	95	105	125.9329114
job181	5697	100	20.03450085	1	6	95	105	125.0345009
job182	5745	100	20.00001508	1	6	95	105	125.0000151
job183	5839	100	20.00002384	1	6	95	105	125.0000238
job184	5926	100	20.00002023	1	6	95	105	125.0000202
job185	5960	100	20.00000018	1	6	95	105	125.0000002
job186	5960	100	20.00000059	1	6	95	105	125.0000006
job187	6004	100	20.00001607	1	6	95	105	125.0000161
job188	6019	100	20.00000054	1	6	95	105	125.0000005
job189	6032	100	20.00012074	1	6	95	105	125.0001207
job190	6166	100	20.00000026	1	6	95	105	125.0000003
job191	6270	100	20.00012054	1	6	95	105	125.0001205
job192	6282	100	20.00002384	1	6	95	105	125.0000238
job193	6284	100	45.92835528	166	6	95	105	150.9283553
job194	6287	100	68.51374543	311	6	95	105	173.5137454
job195	6335	100	20.00002023	1	6	95	105	125.0000202
job196	6459	100	20.00012034	1	6	95	105	125.0001203
job197	6487	100	20.00002384	1	6	95	105	125.0000238
job198	6594	100	20.108152	1	6	95	105	125.108152
job199	6633	100	20.00002384	1	6	95	105	125.0000238
job200	6640	100	20.00012034	1	6	95	105	125.0001203
job201	6650	100	20.00002023	1	6	95	105	125.0000202
job202	6673	100	20.00000023	1	6	95	105	125.0000002
job203	6702	100	20.11290876	1	6	95	105	125.1129088
job204	6815	100	20.18545835	2	6	95	105	125.1854584
job205	6823	100	20.00012034	1	6	95	105	125.0001203
job206	6836	100	45.58363803	164	6	95	105	150.583638
job207	6853	100	20.00280324	1	6	95	105	125.0028032
job208	6854	100	20.06361194	1	6	95	105	125.0636119
job209	6861	100	20.00000018	1	6	95	105	125.0000002
job210	6861	100	20.00000022	1	6	95	105	125.0000002
job211	6862	100	20.00000058	1	6	95	105	125.0000006
job212	6862	100	20.00000014	1	6	95	105	125.0000001
job213	6904	100	20.00000014	1	6	95	105	125.0000001
job214	6926	100	20.00270908	1	6	95	105	125.0027091
job215	6931	100	20.00002003	1	6	95	105	125.00002
job216	6943	100	20.00000014	1	6	95	105	125.0000001
job217	6980	100	20.00000026	1	6	95	105	125.0000003
job218	6981	100	20.00000014	1	6	95	105	125.0000001
job219	6995	100	20.00021177	1	6	95	105	125.0002118
job220	7001	100	20.00012034	1	6	95	105	125.0001203
job221	7016	100	20.00270908	1	6	95	105	125.0027091
job222	7016	100	20.00000014	1	6	95	105	125.0000001
job223	7032	100	20.00270908	1	6	95	105	125.0027091
job224	7038	100	20.00018256	1	6	95	105	125.0001826
job225	7039	100	20.00002384	1	6	95	105	125.0000238
job226	7054	100	20.00004476	1	6	95	105	125.0000448
job227	7054	100	20.00000014	1	6	95	105	125.0000001
job228	7078	100	20.00018256	1	6	95	105	125.0001826
job229	7099	100	20.0479277	1	6	95	105	125.0479277
job230	7102	100	20.00000014	1	6	95	105	125.0000001
job231	7132	100	20.00018256	1	6	95	105	125.0001826
job232	7149	100	20.00000014	1	6	95	105	125.0000001
job233	7156	100	20.00012034	1	6	95	105	125.0001203
job234	7158	100	20.00000046	1	6	95	105	125.0000005
job235	7166	100	20.00002384	1	6	95	105	125.0000238
job236	7183	100	20.00000014	1	6	95	105	125.0000001
job237	7186	100	20.0000438	1	6	95	105	125.0000438
job238	7187	100	20.03047536	1	6	95	105	125.0304754
job239	7208	100	20.0000149	1	6	95	105	125.0000149
job240	7216	100	20.00005262	1	6	95	105	125.0000526
job241	7221	100	20.00000675	1	6	95	105	125.0000068
job242	7267	100	20.00001164	1	6	95	105	125.0000116
job243	7284	100	20.00001164	1	6	95	105	125.0000116
job244	7288	100	20.00011921	1	6	95	105	125.0001192
job245	7295	100	20.00003958	1	6	95	105	125.0000396
job246	7301	100	20.00001164	1	6	95	105	125.0000116
job247	7310	100	20.00000783	1	6	95	105	125.0000078
job248	7315	100	20.00000141	1	6	95	105	125.0000014
job249	7319	100	20.00000649	1	6	95	105	125.0000065
job250	7348	100	20.00011874	1	6	95	105	125.0001187
job251	7362	100	20.00006682	1	6	95	105	125.0000668
job252	7368	100	20.00001164	1	6	95	105	125.0000116
job253	7371	100	20.00005122	1	6	95	105	125.0000512
job254	7374	100	20.00000592	1	6	95	105	125.0000059
job255	7384	100	20.00008033	1	6	95	105	125.0000803
job256	7391	100	20.00001537	1	6	95	105	125.0000154
job257	7398	100	20.00004913	1	6	95	105	125.0000491
job258	7436	100	20.00011548	1	6	95	105	125.0001155
job259	7442	100	20.00002212	1	6	95	105	125.0000221
job260	7460	100	20.00000141	1	6	95	105	125.0000014
job261	7508	100	29.99403564	64	6	95	105	134.9940356
job262	7536	100	143.3776083	790	6	95	105	248.3776083
job263	7621	100	20.11638467	1	6	95	105	125.1163847
job264	7622	100	20.03874048	1	6	95	105	125.0387405
job265	7623	100	25.58082069	36	6	95	105	130.5808207
job266	7623	100	20.2262393	2	6	95	105	125.2262393
job267	7624	100	20.05018324	1	6	95	105	125.0501832
job268	7658	100	75.73622502	357	6	95	105	180.736225
job269	7663	100	20.00000024	1	6	95	105	125.0000002
job270	7714	100	21.57457252	11	6	95	105	126.5745725
job271	7760	100	145.6337155	805	6	95	105	250.6337155
job272	7771	100	25.9034384	38	6	95	105	130.9034384
job273	7796	100	20.00000029	1	6	95	105	125.0000003
job274	7825	100	20.02735488	1	6	95	105	125.0273549
job275	7872	100	21.23551197	8	6	95	105	126.235512
job276	7879	100	20	1	6	95	105	125
job277	7929	100	34.20576971	91	6	95	105	139.2057697
job278	8020	100	21.44470168	10	6	95	105	126.4447017
job279	8021	100	28.33717683	54	6	95	105	133.3371768
job280	8035	100	20.00006909	1	6	95	105	125.0000691
job281	8037	100	20.0000004	1	6	95	105	125.0000004
job282	8090	100	20.00000256	1	6	95	105	125.0000026
job283	8093	100	27.3343483	47	6	95	105	132.3343483
job284	8136	100	20.00000246	1	6	95	105	125.0000025
job285	8155	100	20.03421793	1	6	95	105	125.0342179
job286	8178	100	20.00206078	1	6	95	105	125.0020608
job287	8179	100	20.02037339	1	6	95	105	125.0203734
job288	8205	100	20.0053668	1	6	95	105	125.0053668
job289	8215	100	20.00000093	1	6	95	105	125.0000009
job290	8216	100	20.00000141	1	6	95	105	125.0000014
job291	8216	100	20.00000022	1	6	95	105	125.0000002
job292	8217	100	20.00000014	1	6	95	105	125.0000001
job293	8218	100	66.56620542	299	6	95	105	171.5662054
job294	8237	100	20.02215919	1	6	95	105	125.0221592
job295	8242	100	20.00000014	1	6	95	105	125.0000001
job296	8261	100	20.00000014	1	6	95	105	125.0000001
job297	8281	100	20.00003524	1	6	95	105	125.0000352
job298	8281	100	20.00000068	1	6	95	105	125.0000007
job299	8286	100	20.00000014	1	6	95	105	125.0000001
job300	8306	100	20.00000014	1	6	95	105	125.0000001
job301	8324	100	20.00000048	1	6	95	105	125.0000005
job302	8327	100	20.00000014	1	6	95	105	125.0000001
job303	8339	100	21.5108905	10	6	95	105	126.5108905
job304	8346	100	20.00000014	1	6	95	105	125.0000001
job305	8351	100	20.00000048	1	6	95	105	125.0000005
job306	8352	100	20.02284825	1	6	95	105	125.0228483
job307	8358	100	21.46636894	10	6	95	105	126.4663689
job308	8367	100	20.00000014	1	6	95	105	125.0000001
job309	8383	100	20.00000048	1	6	95	105	125.0000005
job310	8385	100	20.00000014	1	6	95	105	125.0000001
job311	8405	100	20.00000014	1	6	95	105	125.0000001
job312	8415	100	20.01350404	1	6	95	105	125.013504
job313	8425	100	20.00000014	1	6	95	105	125.0000001
job314	8481	100	20	1	6	95	105	125
job315	8515	100	20.0000007	1	6	95	105	125.0000007
job316	8534	100	20.00000014	1	6	95	105	125.0000001
job317	8562	100	20.10126313	1	6	95	105	125.1012631
job318	8565	100	34.46827593	93	6	95	105	139.4682759
job319	8566	100	20.00006784	1	6	95	105	125.0000678
job320	8571	100	20.82739363	6	6	95	105	125.8273936
job321	8582	100	20.04943426	1	6	95	105	125.0494343
job322	8638	100	21.34052978	9	6	95	105	126.3405298
job323	8638	100	20.00000024	1	6	95	105	125.0000002
job324	8640	100	20.00000297	1	6	95	105	125.000003
job325	8645	100	20.05940664	1	6	95	105	125.0594066
job326	8711	100	20.02329136	1	6	95	105	125.0232914
job327	8740	100	21.79305638	12	6	95	105	126.7930564
job328	8749	100	20.00131362	1	6	95	105	125.0013136
job329	8751	100	20.06125077	1	6	95	105	125.0612508
job330	8765	100	20.05684412	1	6	95	105	125.0568441
job331	8806	100	20.00000048	1	6	95	105	125.0000005
job332	8815	100	20.00000067	1	6	95	105	125.0000007
job333	8876	100	20.00000022	1	6	95	105	125.0000002
job334	8878	100	20.00554296	1	6	95	105	125.005543
job335	8886	100	20.00000462	1	6	95	105	125.0000046
job336	8930	100	20.00000343	1	6	95	105	125.0000034
job337	8955	100	20.0351713	1	6	95	105	125.0351713
job338	8972	100	20.03122558	1	6	95	105	125.0312256
job339	8995	100	20.00609497	1	6	95	105	125.006095
job340	9052	100	21.17068079	8	6	95	105	126.1706808
job341	9075	100	24.77782435	31	6	95	105	129.7778244
job342	9079	100	20.00000279	1	6	95	105	125.0000028
job343	9084	100	20	1	6	95	105	125
job344	9115	100	20.00000097	1	6	95	105	125.000001
job345	9137	100	20.26559134	2	6	95	105	125.2655913
job346	9151	100	20.00000116	1	6	95	105	125.0000012
job347	9212	100	20.00000024	1	6	95	105	125.0000002
job348	9259	100	20.00000024	1	6	95	105	125.0000002
job349	9318	100	20.13372673	1	6	95	105	125.1337267
job350	9333	100	20.17143115	2	6	95	105	125.1714312
job351	9361	100	20.00063493	1	6	95	105	125.0006349
job352	9458	100	20.94534748	7	6	95	105	125.9453475
job353	9459	100	20.17132558	2	6	95	105	125.1713256
job354	9535	100	20.00000018	1	6	95	105	125.0000002
job355	9574	100	20.16592769	2	6	95	105	125.1659277
job356	9602	100	20.00000018	1	6	95	105	125.0000002
job357	9609	100	20.00000018	1	6	95	105	125.0000002
job358	9672	100	20.00010976	1	6	95	105	125.0001098
job359	9682	100	20.00000018	1	6	95	105	125.0000002
job360	9686	100	20	1	6	95	105	125
job361	9693	100	21.49193372	10	6	95	105	126.4919337
job362	9694	100	33.03707829	84	6	95	105	138.0370783
job363	9703	100	20.00000018	1	6	95	105	125.0000002
job364	9730	100	20.00000018	1	6	95	105	125.0000002
job365	9737	100	20.00000018	1	6	95	105	125.0000002
job366	9746	100	20.00000018	1	6	95	105	125.0000002
job367	9796	100	24.17468903	27	6	95	105	129.174689
job368	9841	100	20.09769007	1	6	95	105	125.0976901
job369	9966	100	22.74639175	18	6	95	105	127.7463918
job370	9970	100	20.00000371	1	6	95	105	125.0000037
job371	9977	100	20.00097088	1	6	95	105	125.0009709
job372	10001	100	20.71940757	5	6	95	105	125.7194076
job373	10016	100	20.00000022	1	6	95	105	125.0000002
job374	10016	100	20.0000002	1	6	95	105	125.0000002
job375	10017	100	20.00000024	1	6	95	105	125.0000002
job376	10018	100	20.00001218	1	6	95	105	125.0000122
job377	10018	100	20.0000002	1	6	95	105	125.0000002
job378	10019	100	20.00001165	1	6	95	105	125.0000117
job379	10019	100	20.00011921	1	6	95	105	125.0001192
job380	10020	100	20.00000026	1	6	95	105	125.0000003
job381	10048	100	20.00000225	1	6	95	105	125.0000023
job382	10067	100	20.00001165	1	6	95	105	125.0000117
job383	10072	100	20.00000382	1	6	95	105	125.0000038
job384	10075	100	20.00058921	1	6	95	105	125.0005892
job385	10079	100	20.00000285	1	6	95	105	125.0000029
job386	10082	100	20.00011898	1	6	95	105	125.000119
job387	10089	100	24.17468903	27	6	95	105	129.174689
job388	10096	100	20.00000141	1	6	95	105	125.0000014
job389	10159	100	20.00011921	1	6	95	105	125.0001192
job390	10190	100	20.00000024	1	6	95	105	125.0000002
job391	10202	100	20.00000093	1	6	95	105	125.0000009
job392	10203	100	20.00011828	1	6	95	105	125.0001183
job393	10217	100	20.00007148	1	6	95	105	125.0000715
job394	10220	100	32.66614109	82	6	95	105	137.6661411
job395	10233	100	20.00008545	1	6	95	105	125.0000855
job396	10252	100	20.00008359	1	6	95	105	125.0000836
job397	10269	100	20.00000048	1	6	95	105	125.0000005
job398	10288	100	20.00011153	1	6	95	105	125.0001115
job399	10299	100	20.43774275	3	6	95	105	125.4377428
job400	10308	100	20.00000048	1	6	95	105	125.0000005
job401	10310	100	20.00010245	1	6	95	105	125.0001025
job402	10320	100	20.10707229	1	6	95	105	125.1070723
job403	10327	100	20.00010361	1	6	95	105	125.0001036
job404	10333	100	20.00000048	1	6	95	105	125.0000005
job405	10340	100	33.98651635	90	6	95	105	138.9865164
job406	10347	100	20.00000048	1	6	95	105	125.0000005
job407	10352	100	20.00010221	1	6	95	105	125.0001022
job408	10379	100	24.17468903	27	6	95	105	129.174689
job409	10392	100	20.00000048	1	6	95	105	125.0000005
job410	10399	100	20.00011665	1	6	95	105	125.0001167
job411	10420	100	20.00010454	1	6	95	105	125.0001045
job412	10456	100	20.00011316	1	6	95	105	125.0001132
job413	10470	100	20.00008428	1	6	95	105	125.0000843
job414	10480	100	20.00005681	1	6	95	105	125.0000568
job415	10524	100	20.00011805	1	6	95	105	125.0001181
job416	10543	100	20.00009686	1	6	95	105	125.0000969
job417	10558	100	20.00008754	1	6	95	105	125.0000875
job418	10571	100	20.00007404	1	6	95	105	125.000074
job419	10578	100	20.00003958	1	6	95	105	125.0000396
job420	10588	100	20.00003632	1	6	95	105	125.0000363
job421	10595	100	20.0000475	1	6	95	105	125.0000475
job422	10604	100	20.00005518	1	6	95	105	125.0000552
job423	10618	100	20.000078	1	6	95	105	125.000078
job424	10634	100	20.00009057	1	6	95	105	125.0000906
job425	10659	100	20.0001064	1	6	95	105	125.0001064
job426	10678	100	24.17468903	27	6	95	105	129.174689
job427	10688	100	20.00120644	1	6	95	105	125.0012064
job428	10690	100	20.00011222	1	6	95	105	125.0001122
job429	10707	100	20.00008871	1	6	95	105	125.0000887
job430	10719	100	25.47793106	36	6	95	105	130.4779311
job431	10725	100	20.00008545	1	6	95	105	125.0000855
job432	10739	100	20.00007916	1	6	95	105	125.0000792
job433	10754	100	20.00009034	1	6	95	105	125.0000903
job434	10759	100	20.00001211	1	6	95	105	125.0000121
job435	10774	100	20.00008708	1	6	95	105	125.0000871
job436	10779	100	20.00001839	1	6	95	105	125.0000184
job437	10787	100	20.00005215	1	6	95	105	125.0000522
job438	10800	100	20.00007427	1	6	95	105	125.0000743
job439	10809	100	20.00006543	1	6	95	105	125.0000654
job440	10817	100	20.00005076	1	6	95	105	125.0000508
job441	10833	100	20.00007334	1	6	95	105	125.0000733
job442	10835	100	20.00000048	1	6	95	105	125.0000005
job443	10857	100	20.00010035	1	6	95	105	125.0001004
job444	10863	100	20.00000048	1	6	95	105	125.0000005
job445	10869	100	20.00005937	1	6	95	105	125.0000594
job446	10885	100	20.00000048	1	6	95	105	125.0000005
job447	10885	100	20.00007241	1	6	95	105	125.0000724
job448	10904	100	20.00000048	1	6	95	105	125.0000005
job449	10911	100	20.00010012	1	6	95	105	125.0001001
job450	10919	100	20.00000048	1	6	95	105	125.0000005
job451	10922	100	20.11537802	1	6	95	105	125.115378
job452	10923	100	20.00004866	1	6	95	105	125.0000487
job453	10930	100	20.00003236	1	6	95	105	125.0000324
job454	10942	100	20.00003702	1	6	95	105	125.000037
job455	10978	100	20.00011502	1	6	95	105	125.000115
job456	10989	100	20.0000468	1	6	95	105	125.0000468
job457	10996	100	20.00003492	1	6	95	105	125.0000349
job458	11006	100	20.00002305	1	6	95	105	125.0000231
job459	11013	100	20.00000048	1	6	95	105	125.0000005
job460	11081	100	20.00011828	1	6	95	105	125.0001183
job461	11214	100	20.00011921	1	6	95	105	125.0001192
job462	11346	100	20.00000048	1	6	95	105	125.0000005
job463	11400	100	20	1	6	95	105	125
job464	11424	100	321.8300359	1932	6	95	105	426.8300359
job465	11517	100	20.00000047	1	6	95	105	125.0000005
job466	11519	100	20.00000092	1	6	95	105	125.0000009
job467	11536	100	20.00011921	1	6	95	105	125.0001192
job468	11607	100	20.00011898	1	6	95	105	125.000119
job469	11659	100	20.00011781	1	6	95	105	125.0001178
job470	11672	100	20.00000073	1	6	95	105	125.0000007
job471	11724	100	20.00011828	1	6	95	105	125.0001183
job472	11753	100	20.00000048	1	6	95	105	125.0000005
job473	11763	100	20.00011455	1	6	95	105	125.0001146
job474	11814	100	20.00000017	1	6	95	105	125.0000002
job475	11815	100	20.00000016	1	6	95	105	125.0000002
job476	11822	100	20.75176629	5	6	95	105	125.7517663
job477	11826	100	20.14355724	1	6	95	105	125.1435572
job478	11832	100	20.00000048	1	6	95	105	125.0000005
job479	11965	100	20.00011921	1	6	95	105	125.0001192
job480	11981	100	20.00008149	1	6	95	105	125.0000815
job481	12116	100	20.00011921	1	6	95	105	125.0001192
job482	12183	100	20.00011921	1	6	95	105	125.0001192
job483	12200	100	20.00009337	1	6	95	105	125.0000934
job484	12222	100	20.00008941	1	6	95	105	125.0000894
job485	12237	100	20.0000004	1	6	95	105	125.0000004
job486	12243	100	20.0000943	1	6	95	105	125.0000943
job487	12261	100	20.00008964	1	6	95	105	125.0000896
job488	12290	100	20.00010408	1	6	95	105	125.0001041
job489	12310	100	20.00009499	1	6	95	105	125.000095
job490	12364	100	20.00011805	1	6	95	105	125.0001181
job491	12374	100	20.00004051	1	6	95	105	125.0000405
job492	12393	100	20.00009034	1	6	95	105	125.0000903
job493	12400	100	20.00002701	1	6	95	105	125.000027
job494	12408	100	20.00003912	1	6	95	105	125.0000391
job495	12412	100	20.00000022	1	6	95	105	125.0000002
job496	12413	100	20.00000014	1	6	95	105	125.0000001
job497	12414	100	20.00000141	1	6	95	105	125.0000014
job498	12432	100	20.00009686	1	6	95	105	125.0000969
job499	12449	100	20.00008545	1	6	95	105	125.0000855
job500	12484	100	20.00000014	1	6	95	105	125.0000001
job501	12509	100	20.00011828	1	6	95	105	125.0001183
job502	12531	100	20.00000014	1	6	95	105	125.0000001
job503	12569	100	20.00000014	1	6	95	105	125.0000001
job504	12571	100	20.00011874	1	6	95	105	125.0001187
job505	12592	100	20.00000048	1	6	95	105	125.0000005
job506	12603	100	20.00000014	1	6	95	105	125.0000001
job507	12608	100	20.00011246	1	6	95	105	125.0001125
job508	12626	100	20.0000773	1	6	95	105	125.0000773
job509	12635	100	20.00000014	1	6	95	105	125.0000001
job510	12660	100	20.00011222	1	6	95	105	125.0001122
job511	12679	100	20.00009732	1	6	95	105	125.0000973
job512	12683	100	20.00000014	1	6	95	105	125.0000001
job513	12706	100	20.26449574	2	6	95	105	125.2644957
job514	12711	100	20.00000047	1	6	95	105	125.0000005
job515	12713	100	20.00011176	1	6	95	105	125.0001118
job516	12725	100	20.00005774	1	6	95	105	125.0000577
job517	12748	100	20.00009662	1	6	95	105	125.0000966
job518	12771	100	102.7305619	530	6	95	105	207.7305619
job519	12782	100	20.00000014	1	6	95	105	125.0000001
job520	12798	100	20.00011828	1	6	95	105	125.0001183
job521	12814	100	20.00006938	1	6	95	105	125.0000694
job522	12829	100	20.00000014	1	6	95	105	125.0000001
job523	12833	100	20.00000049	1	6	95	105	125.0000005
job524	12843	100	582.8302314	3603	6	95	105	687.8302314
job525	12859	100	20.00000014	1	6	95	105	125.0000001
job526	12867	100	20.00011805	1	6	95	105	125.0001181
job527	12907	100	20.00011525	1	6	95	105	125.0001153
job528	12935	100	20.00010896	1	6	95	105	125.000109
job529	12948	100	20.00005635	1	6	95	105	125.0000564
job530	12961	100	20.00004703	1	6	95	105	125.000047
job531	12984	100	20.0001071	1	6	95	105	125.0001071
job532	13009	100	31.44177103	74	6	95	105	136.441771
job533	13011	100	20.00000067	1	6	95	105	125.0000007
job534	13012	100	20.00010361	1	6	95	105	125.0001036
job535	13050	100	20.00011409	1	6	95	105	125.0001141
job536	13082	100	20.00010943	1	6	95	105	125.0001094
job537	13110	100	20.00011176	1	6	95	105	125.0001118
job538	13119	100	20.00004144	1	6	95	105	125.0000414
job539	13186	100	20.00011874	1	6	95	105	125.0001187
job540	13195	100	20.00006449	1	6	95	105	125.0000645
job541	13216	100	20.00009593	1	6	95	105	125.0000959
job542	13242	100	20.00009895	1	6	95	105	125.000099
job543	13250	100	20.0000454	1	6	95	105	125.0000454
job544	13257	100	20.00003073	1	6	95	105	125.0000307
job545	13272	100	20.00008801	1	6	95	105	125.000088
job546	13279	100	20.00001956	1	6	95	105	125.0000196
job547	13287	100	20.00004587	1	6	95	105	125.0000459
job548	13292	100	20.00000675	1	6	95	105	125.0000068
job549	13301	100	20.00005425	1	6	95	105	125.0000543
job550	13310	100	20.00000047	1	6	95	105	125.0000005
job551	13312	100	20.00000141	1	6	95	105	125.0000014
job552	13312	100	66.56626359	299	6	95	105	171.5662636
job553	13314	100	20.00005728	1	6	95	105	125.0000573
job554	13341	100	20.00010803	1	6	95	105	125.000108
job555	13357	100	20.00008591	1	6	95	105	125.0000859
job556	13375	100	20.0000773	1	6	95	105	125.0000773
job557	13421	100	20.00000024	1	6	95	105	125.0000002
job558	13433	100	20.00011851	1	6	95	105	125.0001185
job559	13444	100	20.00006077	1	6	95	105	125.0000608
job560	13449	100	20.00000186	1	6	95	105	125.0000019
job561	13460	100	20.0000752	1	6	95	105	125.0000752
job562	13469	100	20.0000298	1	6	95	105	125.0000298
job563	13487	100	20.00000092	1	6	95	105	125.0000009
job564	13497	100	20.0001078	1	6	95	105	125.0001078
job565	13529	100	20.00011269	1	6	95	105	125.0001127
job566	13603	100	20.00011898	1	6	95	105	125.000119
job567	13616	100	120.2441812	642	6	95	105	225.2441812
job568	13622	100	76.23709115	360	6	95	105	181.2370912
job569	13629	100	20.00010873	1	6	95	105	125.0001087
job570	13666	100	20.00000073	1	6	95	105	125.0000007
job571	13689	100	20.01183945	1	6	95	105	125.0118395
job572	13692	100	25.53932972	36	6	95	105	130.5393297
job573	13692	100	20.00000022	1	6	95	105	125.0000002
job574	13701	100	20.26686429	2	6	95	105	125.2668643
job575	13718	100	20.00011921	1	6	95	105	125.0001192
job576	13722	100	20.00000048	1	6	95	105	125.0000005
job577	13730	100	20.00000018	1	6	95	105	125.0000002
job578	13751	100	20.00000018	1	6	95	105	125.0000002
job579	13764	100	20.00011758	1	6	95	105	125.0001176
job580	13774	100	20.00006077	1	6	95	105	125.0000608
job581	13784	100	20.00000018	1	6	95	105	125.0000002
job582	13793	100	20.0000943	1	6	95	105	125.0000943
job583	13801	100	20.00000018	1	6	95	105	125.0000002
job584	13802	100	20.00003806	1	6	95	105	125.0000381
job585	13803	100	20.00003935	1	6	95	105	125.0000394
job586	13812	100	20.00000018	1	6	95	105	125.0000002
job587	13812	100	20.00005821	1	6	95	105	125.0000582
job588	13822	100	20.00000048	1	6	95	105	125.0000005
job589	13841	100	20.00000018	1	6	95	105	125.0000002
job590	13842	100	20.00010524	1	6	95	105	125.0001052
job591	13849	100	20.00002584	1	6	95	105	125.0000258
job592	13850	100	20.00000018	1	6	95	105	125.0000002
job593	13861	100	20.00004726	1	6	95	105	125.0000473
job594	13866	100	20.00000605	1	6	95	105	125.0000061
job595	13871	100	20.00001863	1	6	95	105	125.0000186
job596	13881	100	20.00008149	1	6	95	105	125.0000815
job597	13897	100	20.00007707	1	6	95	105	125.0000771
job598	13916	100	20.00008568	1	6	95	105	125.0000857
job599	13922	100	20.00002398	1	6	95	105	125.000024
job600	13927	100	20.0000156	1	6	95	105	125.0000156
job601	13935	100	20.00004983	1	6	95	105	125.0000498
job602	13998	100	20.00000059	1	6	95	105	125.0000006
job603	14020	100	20.00002468	1	6	95	105	125.0000247
job604	14110	100	20.00011921	1	6	95	105	125.0001192
job605	14166	100	20.00011805	1	6	95	105	125.0001181
job606	14212	100	20.0000002	1	6	95	105	125.0000002
job607	14212	100	20.0000002	1	6	95	105	125.0000002
job608	14213	100	20.00001213	1	6	95	105	125.0000121
job609	14213	100	20.00001164	1	6	95	105	125.0000116
job610	14214	100	20.00000022	1	6	95	105	125.0000002
job611	14214	100	20.00000117	1	6	95	105	125.0000012
job612	14248	100	20.00011921	1	6	95	105	125.0001192
job613	14274	100	20.00010617	1	6	95	105	125.0001062
job614	14295	100	20.00000387	1	6	95	105	125.0000039
job615	14306	100	20.00000041	1	6	95	105	125.0000004
job616	14321	100	20.00001164	1	6	95	105	125.0000116
job617	14339	100	20.00011851	1	6	95	105	125.0001185
job618	14359	100	20.00000366	1	6	95	105	125.0000037
job619	14364	100	20.0000002	1	6	95	105	125.0000002
job620	14372	100	20.00001164	1	6	95	105	125.0000116
job621	14374	100	20.00000073	1	6	95	105	125.0000007
job622	14381	100	20.00000477	1	6	95	105	125.0000048
job623	14401	100	20.00011921	1	6	95	105	125.0001192
job624	14407	100	30.15774646	66	6	95	105	135.1577465
job625	14419	100	20.00012112	1	6	95	105	125.0001211
job626	14433	100	20.00000014	1	6	95	105	125.0000001
job627	14440	100	46.5896807	171	6	95	105	151.5896807
job628	14446	100	20.00011803	1	6	95	105	125.000118
job629	14465	100	20.00000014	1	6	95	105	125.0000001
job630	14469	100	20.00008787	1	6	95	105	125.0000879
job631	14514	100	20.00012136	1	6	95	105	125.0001214
job632	14520	100	20.00000025	1	6	95	105	125.0000003
job633	14523	100	20.00000024	1	6	95	105	125.0000002
job634	14524	100	89.8491943	448	6	95	105	194.8491943
job635	14528	100	20.00008835	1	6	95	105	125.0000884
job636	14532	100	20.00000014	1	6	95	105	125.0000001
job637	14539	100	20.00000141	1	6	95	105	125.0000014
job638	14555	100	20.00000725	1	6	95	105	125.0000073
job639	14564	100	20.00011661	1	6	95	105	125.0001166
job640	14583	100	20.00000014	1	6	95	105	125.0000001
job641	14637	100	20.00012112	1	6	95	105	125.0001211
job642	14642	100	20.00000024	1	6	95	105	125.0000002
job643	14647	100	20.00000117	1	6	95	105	125.0000012
job644	14651	100	20.00000014	1	6	95	105	125.0000001
job645	14652	100	20.00010877	1	6	95	105	125.0001088
job646	14671	100	20.00008502	1	6	95	105	125.000085
job647	14703	100	20.00012088	1	6	95	105	125.0001209
job648	14747	100	20.00012136	1	6	95	105	125.0001214
job649	14749	100	20.00012334	1	6	95	105	125.0001233
job650	14785	100	20.00011898	1	6	95	105	125.000119
job651	14819	100	20.00011874	1	6	95	105	125.0001187
job652	14826	100	82.88123747	403	6	95	105	187.8812375
job653	14830	100	20.00000073	1	6	95	105	125.0000007
job654	14871	100	20.00011993	1	6	95	105	125.0001199
job655	14885	100	20.00009903	1	6	95	105	125.000099
job656	14896	100	20.00005415	1	6	95	105	125.0000542
job657	14917	100	20.00011019	1	6	95	105	125.0001102
job658	14939	100	20.00000018	1	6	95	105	125.0000002
job659	14946	100	20.00011471	1	6	95	105	125.0001147
job660	14949	100	20.00000018	1	6	95	105	125.0000002
job661	14954	100	20.00006008	1	6	95	105	125.0000601
job662	14969	100	20.00009215	1	6	95	105	125.0000922
job663	14983	100	20.00007552	1	6	95	105	125.0000755
job664	14994	100	20.00004987	1	6	95	105	125.0000499
job665	14996	100	20.00012314	1	6	95	105	125.0001231
job666	15000	100	56.30492721	233	6	95	105	161.3049272
job667	15001	100	20.00004465	1	6	95	105	125.0000447
job668	15015	100	20.00009167	1	6	95	105	125.0000917
job669	15019	100	20.00000022	1	6	95	105	125.0000002
job670	15027	100	20.00008431	1	6	95	105	125.0000843
job671	15034	100	20.00003444	1	6	95	105	125.0000344
job672	15041	100	20.00003562	1	6	95	105	125.0000356
job673	15063	100	20.00012293	1	6	95	105	125.0001229
job674	15094	100	20.00012064	1	6	95	105	125.0001206
job675	15111	100	38.71120014	120	6	95	105	143.7112001
job676	15120	100	20.00000093	1	6	95	105	125.0000009
job677	15185	100	20.00012159	1	6	95	105	125.0001216
job678	15191	100	20.00012293	1	6	95	105	125.0001229
job679	15192	100	20.00015907	1	6	95	105	125.0001591
job680	15206	100	20.00010901	1	6	95	105	125.000109
job681	15242	100	20.03421793	1	6	95	105	125.0342179
job682	15251	100	20.00011993	1	6	95	105	125.0001199
job683	15289	100	20.00011993	1	6	95	105	125.0001199
job684	15292	100	20.00000023	1	6	95	105	125.0000002
job685	15302	100	20.00008193	1	6	95	105	125.0000819
job686	15327	100	20.00010141	1	6	95	105	125.0001014
job687	15346	100	20.00012314	1	6	95	105	125.0001231
job688	15361	100	20.00011922	1	6	95	105	125.0001192
job689	15393	100	22.77607132	18	6	95	105	127.7760713
job690	15411	100	20.00011993	1	6	95	105	125.0001199
job691	15421	100	20.00000026	1	6	95	105	125.0000003
job692	15422	100	20.00000022	1	6	95	105	125.0000002
job693	15424	100	20.0000002	1	6	95	105	125.0000002
job694	15424	100	20.00000023	1	6	95	105	125.0000002
job695	15428	100	20.0000123	1	6	95	105	125.0000123
job696	15428	100	20.00001191	1	6	95	105	125.0000119
job697	15429	100	66.56612971	299	6	95	105	171.5661297
job698	15433	100	20.00000141	1	6	95	105	125.0000014
job699	15443	100	20.00000041	1	6	95	105	125.0000004
job700	15445	100	20	1	6	95	105	125
job701	15448	100	20.00001191	1	6	95	105	125.0000119
job702	15460	100	20.00000102	1	6	95	105	125.000001
job703	15465	100	20.00012293	1	6	95	105	125.0001229
job704	15480	100	20.00012159	1	6	95	105	125.0001216
job705	15484	100	20.00001191	1	6	95	105	125.0000119
job706	15491	100	20.00039617	1	6	95	105	125.0003962
job707	15493	100	20.00000082	1	6	95	105	125.0000008
job708	15522	100	20.00001191	1	6	95	105	125.0000119
job709	15545	100	20.00000143	1	6	95	105	125.0000014
job710	15562	100	20.00012159	1	6	95	105	125.0001216
job711	15603	100	20.00000024	1	6	95	105	125.0000002
job712	15606	100	20.00001191	1	6	95	105	125.0000119
job713	15637	100	20.00000246	1	6	95	105	125.0000025
job714	15646	100	20.90787769	6	6	95	105	125.9078777
job715	15663	100	20.00012159	1	6	95	105	125.0001216
job716	15708	100	20.00000141	1	6	95	105	125.0000014
job717	15708	100	20.00012314	1	6	95	105	125.0001231
job718	15709	100	20.00001191	1	6	95	105	125.0000119
job719	15711	100	20.00000451	1	6	95	105	125.0000045
job720	15712	100	20.00012159	1	6	95	105	125.0001216
job721	15725	100	20.00000061	1	6	95	105	125.0000006
job722	15726	100	20.12169349	1	6	95	105	125.1216935
job723	15727	100	20.00001191	1	6	95	105	125.0000119
job724	15739	100	20.00000041	1	6	95	105	125.0000004
job725	15741	100	20.00001132	1	6	95	105	125.0000113
job726	15750	100	20.00011946	1	6	95	105	125.0001195
job727	15785	100	20.01465636	1	6	95	105	125.0146564
job728	15807	100	20.00000048	1	6	95	105	125.0000005
job729	15838	100	20.0000041	1	6	95	105	125.0000041
job730	15841	100	20.00001191	1	6	95	105	125.0000119
job731	15858	100	20.00012159	1	6	95	105	125.0001216
job732	15868	100	20.00001191	1	6	95	105	125.0000119
job733	15874	100	20.00000102	1	6	95	105	125.000001
job734	15881	100	20.00001152	1	6	95	105	125.0000115
job735	15885	100	20.0000002	1	6	95	105	125.0000002
job736	15892	100	20.00011874	1	6	95	105	125.0001187
job737	15894	100	20.0000002	1	6	95	105	125.0000002
job738	15898	100	20.00001191	1	6	95	105	125.0000119
job739	15902	100	24.95710117	32	6	95	105	129.9571012
job740	15910	100	20.00001094	1	6	95	105	125.0000109
job741	15911	100	20.00000082	1	6	95	105	125.0000008
job742	15924	100	20.00001172	1	6	95	105	125.0000117
job743	15925	100	20.00000041	1	6	95	105	125.0000004
job744	15947	100	20.00012088	1	6	95	105	125.0001209
job745	15956	100	20.00000082	1	6	95	105	125.0000008
job746	15968	100	20.00039509	1	6	95	105	125.0003951
job747	15981	100	20.00000023	1	6	95	105	125.0000002
job748	16029	100	20.00000369	1	6	95	105	125.0000037
job749	16030	100	20.40036139	3	6	95	105	125.4003614
job750	16038	100	20.00001191	1	6	95	105	125.0000119
job751	16041	100	20.0000002	1	6	95	105	125.0000002
job752	16051	100	20.00001191	1	6	95	105	125.0000119
job753	16061	100	20.00001055	1	6	95	105	125.0000106
job754	16081	100	20.00012355	1	6	95	105	125.0001236
job755	16280	100	20.00012159	1	6	95	105	125.0001216
job756	16286	100	20.00000022	1	6	95	105	125.0000002
job757	16286	100	20.00001191	1	6	95	105	125.0000119
job758	16290	100	20.00000022	1	6	95	105	125.0000002
job759	16291	100	20.03421793	1	6	95	105	125.0342179
job760	16293	100	20.00001191	1	6	95	105	125.0000119
job761	16297	100	20.00084152	1	6	95	105	125.0008415
job762	16297	100	20.00000024	1	6	95	105	125.0000002
job763	16298	100	20.00012159	1	6	95	105	125.0001216
job764	16301	100	20.00000023	1	6	95	105	125.0000002
job765	16302	100	20.00000878	1	6	95	105	125.0000088
job766	16306	100	20.00006626	1	6	95	105	125.0000663
job767	16311	100	20.0003937	1	6	95	105	125.0003937
job768	16312	100	20.00001152	1	6	95	105	125.0000115
job769	16317	100	20.00012314	1	6	95	105	125.0001231
job770	16318	100	20.00000411	1	6	95	105	125.0000041
job771	16318	100	20.00007528	1	6	95	105	125.0000753
job772	16321	100	20.00000141	1	6	95	105	125.0000014
job773	16323	100	20.00000878	1	6	95	105	125.0000088
job774	16324	100	20.00004085	1	6	95	105	125.0000409
job775	16334	100	20.00001016	1	6	95	105	125.0000102
job776	16336	100	20.00004227	1	6	95	105	125.0000423
job777	16348	100	20.00001172	1	6	95	105	125.0000117
job778	16351	100	20	1	6	95	105	125
job779	16351	100	20.00008906	1	6	95	105	125.0000891
job780	16364	100	20.00001191	1	6	95	105	125.0000119
job781	16369	100	20.00861925	1	6	95	105	125.0086193
job782	16374	100	22.77607132	18	6	95	105	127.7760713
job783	16378	100	20.00001191	1	6	95	105	125.0000119
job784	16384	100	20.00011494	1	6	95	105	125.0001149
job785	16388	100	20.00001172	1	6	95	105	125.0000117
job786	16398	100	20.00000997	1	6	95	105	125.00001
job787	16412	100	20.00011399	1	6	95	105	125.000114
job788	16415	100	20.00001191	1	6	95	105	125.0000119
job789	16419	100	20.00000068	1	6	95	105	125.0000007
job790	16425	100	206.7853237	1196	6	95	105	311.7853237
job791	16426	100	20.00001153	1	6	95	105	125.0000115
job792	16436	100	20.00001132	1	6	95	105	125.0000113
job793	16445	100	20.000008	1	6	95	105	125.000008
job794	16446	100	20.00011827	1	6	95	105	125.0001183
job795	16447	100	20.00012314	1	6	95	105	125.0001231
job796	16450	100	20.00000273	1	6	95	105	125.0000027
job797	16465	100	20.00001172	1	6	95	105	125.0000117
job798	16478	100	20.00001055	1	6	95	105	125.0000106
job799	16481	100	22.77607132	18	6	95	105	127.7760713
job800	16484	100	20.00012159	1	6	95	105	125.0001216
job801	16501	100	24.1210691	27	6	95	105	129.1210691
job802	16516	100	20.00000048	1	6	95	105	125.0000005
job803	16518	100	20.00001191	1	6	95	105	125.0000119
job804	16532	100	20.00001153	1	6	95	105	125.0000115
job805	16533	100	20.00012041	1	6	95	105	125.0001204
job806	16546	100	20.00001152	1	6	95	105	125.0000115
job807	16558	100	20.00001191	1	6	95	105	125.0000119
job808	16571	100	20.00012017	1	6	95	105	125.0001202
job809	16572	100	20.00001191	1	6	95	105	125.0000119
job810	16575	100	20.00039141	1	6	95	105	125.0003914
job811	16588	100	20.00001191	1	6	95	105	125.0000119
job812	16589	100	78.35688814	374	6	95	105	183.3568881
job813	16596	100	20.00001036	1	6	95	105	125.0000104
job814	16602	100	20.00011613	1	6	95	105	125.0001161
job815	16624	100	20.00011186	1	6	95	105	125.0001119
job816	16626	100	20.16548843	2	6	95	105	125.1654884
job817	16633	100	20.00000073	1	6	95	105	125.0000007
job818	16649	100	20.00001191	1	6	95	105	125.0000119
job819	16656	100	20.00011851	1	6	95	105	125.0001185
job820	16658	100	20.00012314	1	6	95	105	125.0001231
job821	16662	100	20.00001191	1	6	95	105	125.0000119
job822	16672	100	20.00001114	1	6	95	105	125.0000111
job823	16682	100	20.00000957	1	6	95	105	125.0000096
job824	16697	100	20.00001172	1	6	95	105	125.0000117
job825	16707	100	20.00001133	1	6	95	105	125.0000113
job826	16711	100	20.00000048	1	6	95	105	125.0000005
job827	16712	100	20.00012112	1	6	95	105	125.0001211
job828	16722	100	20.00001191	1	6	95	105	125.0000119
job829	16731	100	20.00001133	1	6	95	105	125.0000113
job830	16743	100	20.00001113	1	6	95	105	125.0000111
job831	16760	100	20.00001153	1	6	95	105	125.0000115
job832	16760	100	20.00012017	1	6	95	105	125.0001202
job833	16767	100	20.00000644	1	6	95	105	125.0000064
job834	16777	100	20.00010734	1	6	95	105	125.0001073
job835	16805	100	20.00001191	1	6	95	105	125.0000119
job836	16821	100	20.00001153	1	6	95	105	125.0000115
job837	16833	100	20.00012159	1	6	95	105	125.0001216
job838	16835	100	20.00001191	1	6	95	105	125.0000119
job839	16843	100	20.00012314	1	6	95	105	125.0001231
job840	16844	100	20.00000918	1	6	95	105	125.0000092
job841	16849	100	20.00008455	1	6	95	105	125.0000846
job842	16851	100	20.00000898	1	6	95	105	125.000009
job843	16856	100	20.00000078	1	6	95	105	125.0000008
job844	16859	100	20.00007457	1	6	95	105	125.0000746
job845	16863	100	20.00001016	1	6	95	105	125.0000102
job846	16869	100	20.00006602	1	6	95	105	125.000066
job847	16870	100	20.00000723	1	6	95	105	125.0000072
job848	16875	100	20.00000136	1	6	95	105	125.0000014
job849	16880	100	20.00006555	1	6	95	105	125.0000656
job850	16882	100	20.00001054	1	6	95	105	125.0000105
job851	16887	100	20.00003871	1	6	95	105	125.0000387
job852	16892	100	20.0000133	1	6	95	105	125.0000133
job853	16893	100	20.00001055	1	6	95	105	125.0000106
job854	16898	100	20.00000022	1	6	95	105	125.0000002
job855	16898	100	20.0000418	1	6	95	105	125.0000418
job856	16899	100	20.00012293	1	6	95	105	125.0001229
job857	16903	100	20.00005058	1	6	95	105	125.0000506
job858	16906	100	20.00001172	1	6	95	105	125.0000117
job859	16911	100	20.00000703	1	6	95	105	125.000007
job860	16917	100	20.00008668	1	6	95	105	125.0000867
job861	16918	100	20.00000023	1	6	95	105	125.0000002
job862	16925	100	20.00005201	1	6	95	105	125.000052
job863	16932	100	20.0000456	1	6	95	105	125.0000456
job864	16936	100	20.00012293	1	6	95	105	125.0001229
job865	16937	100	20.00000023	1	6	95	105	125.0000002
job866	16938	100	20.00001191	1	6	95	105	125.0000119
job867	16939	100	20.00002327	1	6	95	105	125.0000233
job868	16942	100	20.00000469	1	6	95	105	125.0000047
job869	16946	100	20.00004821	1	6	95	105	125.0000482
job870	16949	100	20.00000937	1	6	95	105	125.0000094
job871	16953	100	20.00005842	1	6	95	105	125.0000584
job872	16954	100	20.00000137	1	6	95	105	125.0000014
job873	16966	100	20.00001172	1	6	95	105	125.0000117
job874	16967	100	20.00006507	1	6	95	105	125.0000651
job875	16975	100	20.00000976	1	6	95	105	125.0000098
job876	16986	100	20.00009523	1	6	95	105	125.0000952
job877	16987	100	20.00001132	1	6	95	105	125.0000113
job878	16997	100	20.00001114	1	6	95	105	125.0000111
job879	17000	100	20.00009927	1	6	95	105	125.0000993
job880	17008	100	20.00001074	1	6	95	105	125.0000107
job881	17011	100	20.00012293	1	6	95	105	125.0001229
job882	17020	100	20.00001191	1	6	95	105	125.0000119
job883	17024	100	20.00010948	1	6	95	105	125.0001095
job884	17030	100	20.00000997	1	6	95	105	125.00001
job885	17039	100	20.00000041	1	6	95	105	125.0000004
job886	17041	100	20.00001074	1	6	95	105	125.0000107
job887	17043	100	20.03421793	1	6	95	105	125.0342179
job888	17055	100	20.00001172	1	6	95	105	125.0000117
job889	17071	100	20.00012017	1	6	95	105	125.0001202
job890	17074	100	20.00001172	1	6	95	105	125.0000117
job891	17083	100	23.70820371	24	6	95	105	128.7082037
job892	17086	100	20.00001113	1	6	95	105	125.0000111
job893	17088	100	20.00012293	1	6	95	105	125.0001229
job894	17094	100	20.00001035	1	6	95	105	125.0000104
job895	17105	100	20.00001133	1	6	95	105	125.0000113
job896	17109	100	20.00012064	1	6	95	105	125.0001206
job897	17113	100	20.00000801	1	6	95	105	125.000008
job898	17121	100	20.0000086	1	6	95	105	125.0000086
job899	17129	100	20.00000761	1	6	95	105	125.0000076
job900	17142	100	20.00001172	1	6	95	105	125.0000117
job901	17149	100	20.0000084	1	6	95	105	125.0000084
job902	17155	100	20.00011993	1	6	95	105	125.0001199
job903	17163	100	20.00001191	1	6	95	105	125.0000119
job904	17175	100	20.00001172	1	6	95	105	125.0000117
job905	17176	100	20.00011067	1	6	95	105	125.0001107
job906	17184	100	20.00012293	1	6	95	105	125.0001229
job907	17207	100	20.00001191	1	6	95	105	125.0000119
job908	17216	100	20.00000918	1	6	95	105	125.0000092
job909	17220	100	20.00000022	1	6	95	105	125.0000002
job910	17221	100	20.00000014	1	6	95	105	125.0000001
job911	17223	100	112.8427781	595	6	95	105	217.8427781
job912	17224	100	20.00012064	1	6	95	105	125.0001206
job913	17227	100	20.00001133	1	6	95	105	125.0000113
job914	17230	100	20.00000024	1	6	95	105	125.0000002
job915	17234	100	20.00000957	1	6	95	105	125.0000096
job916	17241	100	20.00000141	1	6	95	105	125.0000014
job917	17242	100	20.00000014	1	6	95	105	125.0000001
job918	17245	100	20.00011067	1	6	95	105	125.0001107
job919	17276	100	20.00001191	1	6	95	105	125.0000119
job920	17286	100	20.00001172	1	6	95	105	125.0000117
job921	17292	100	20.00000014	1	6	95	105	125.0000001
job922	17297	100	20.00000022	1	6	95	105	125.0000002
job923	17299	100	20.00001172	1	6	95	105	125.0000117
job924	17300	100	20.00012112	1	6	95	105	125.0001211
job925	17309	100	20.00001055	1	6	95	105	125.0000106
job926	17317	100	20.00011019	1	6	95	105	125.0001102
job927	17322	100	20.00001192	1	6	95	105	125.0000119
job928	17324	100	20.00000014	1	6	95	105	125.0000001
job929	17332	100	20.00001192	1	6	95	105	125.0000119
job930	17335	100	20.00010829	1	6	95	105	125.0001083
job931	17341	100	20.00000782	1	6	95	105	125.0000078
job932	17343	100	20.00000024	1	6	95	105	125.0000002
job933	17349	100	20.00000957	1	6	95	105	125.0000096
job934	17351	100	20.00009262	1	6	95	105	125.0000926
job935	17352	100	20.00000068	1	6	95	105	125.0000007
job936	17357	100	20.00000014	1	6	95	105	125.0000001
job937	17361	100	20.00001173	1	6	95	105	125.0000117
job938	17372	100	20.00008645	1	6	95	105	125.0000865
job939	17373	100	20.00001172	1	6	95	105	125.0000117
job940	17387	100	20.00001192	1	6	95	105	125.0000119
job941	17391	100	20.82298612	6	6	95	105	125.8229861
job942	17391	100	20.00000026	1	6	95	105	125.0000003
job943	17397	100	20.00001016	1	6	95	105	125.0000102
job944	17406	100	20.00001016	1	6	95	105	125.0000102
job945	17409	100	20.00000067	1	6	95	105	125.0000007
job946	17410	100	20.00012112	1	6	95	105	125.0001211
job947	17414	100	20.00001016	1	6	95	105	125.0000102
job948	17426	100	20.00001153	1	6	95	105	125.0000115
job949	17431	100	20.00000048	1	6	95	105	125.0000005
job950	17433	100	20.00009547	1	6	95	105	125.0000955
job951	17435	100	20.00000014	1	6	95	105	125.0000001
job952	17438	100	20.00001133	1	6	95	105	125.0000113
job953	17448	100	20.00001055	1	6	95	105	125.0000106
job954	17455	100	20.00000976	1	6	95	105	125.0000098
job955	17463	100	20.00000014	1	6	95	105	125.0000001
job956	17468	100	20.00011922	1	6	95	105	125.0001192
job957	17472	100	20.00001192	1	6	95	105	125.0000119
job958	17473	100	20.00000048	1	6	95	105	125.0000005
job959	17481	100	20.00000841	1	6	95	105	125.0000084
job960	17486	100	20.00000014	1	6	95	105	125.0000001
job961	17488	100	20.0000084	1	6	95	105	125.0000084
job962	17493	100	20.00010616	1	6	95	105	125.0001062
job963	17498	100	20.00001114	1	6	95	105	125.0000111
job964	17499	100	20.00000048	1	6	95	105	125.0000005
job965	17509	100	20.00001153	1	6	95	105	125.0000115
job966	17516	100	20.00000937	1	6	95	105	125.0000094
job967	17517	100	20.00011471	1	6	95	105	125.0001147
job968	17518	100	20.00012334	1	6	95	105	125.0001233
job969	17519	100	1700	2000	6	95	105	1805
job970	17521	100	20.00000312	1	6	95	105	125.0000031
job971	17524	100	20.00000014	1	6	95	105	125.0000001
job972	17529	100	20.00007267	1	6	95	105	125.0000727
job973	17532	100	20.00001114	1	6	95	105	125.0000111
job974	17534	100	23.84923809	25	6	95	105	128.8492381
job975	17537	100	20.00000048	1	6	95	105	125.0000005
job976	17538	100	20.000076	1	6	95	105	125.000076
job977	17539	100	20.00000645	1	6	95	105	125.0000065
job978	17545	100	20.00000195	1	6	95	105	125.000002
job979	17549	100	20.00004512	1	6	95	105	125.0000451
job980	17553	100	20.00000022	1	6	95	105	125.0000002
job981	17562	100	20.00000014	1	6	95	105	125.0000001
job982	17566	100	20.00000048	1	6	95	105	125.0000005
job983	17591	100	20.00012017	1	6	95	105	125.0001202
job984	17595	100	20.08782749	1	6	95	105	125.0878275
job985	17596	100	20.00000023	1	6	95	105	125.0000002
job986	17629	100	20.00000014	1	6	95	105	125.0000001
job987	17630	100	69.02159739	314	6	95	105	174.0215974
job988	17637	100	20.00012293	1	6	95	105	125.0001229
job989	17654	100	20.00012088	1	6	95	105	125.0001209
job990	17691	100	20.00001192	1	6	95	105	125.0000119
job991	17703	100	20.00000048	1	6	95	105	125.0000005
job992	17716	100	160.4189676	899	6	95	105	265.4189676
job993	17717	100	20.00000024	1	6	95	105	125.0000002
job994	17724	100	206.7853237	1196	6	95	105	311.7853237
job995	17725	100	20.00012159	1	6	95	105	125.0001216
job996	17732	100	23.84923809	25	6	95	105	128.8492381
job997	17737	100	20.00008573	1	6	95	105	125.0000857
job998	17767	100	20.00000014	1	6	95	105	125.0000001
job999	17818	100	20.00001192	1	6	95	105	125.0000119
job1000	17819	100	20.0000002	1	6	95	105	125.0000002
