0.018366524
0.018366524
0.045267027
0.125444086
0.08478255
0.027341462
0.123104108
0.155937185
0.136927829
0.127370766
0.142116256
0.150055778
0.155974859
0.137193852
0.018909256
0.020095403
0.123246443
0.066708688
0.155860507
0.140986434
0.155875252
0.140986434
0.155875252
0.136927829
0.070787901
0.060772006
0.125444086
0.08478255
0.027341462
0.070787901
0.127990185
0.138075432
0.149643561
0.092920769
0.045714463
0.027341462
0.123104108
0.152758293
0.144370421
0.152758293
0.104284863
0.045267027
0.125444086
0.066708688
0.123104108
0.08478255
0.125444086
0.08478255
0.125444086
0.08478255
0.125444086
0.08478255
0.027341462
0.123104108
0.155937185
0.137193852
0.018909256
0.020095403
0.018909256
0.045267027
0.125444086
0.08478255
0.027341462
0.123104108
0.152758293
0.104284863
0.123104108
0.101644797
0.127990185
0.08478255
0.027341462
0.132777597
0.139943213
0.087710367
0.027341462
0.045267027
0.125444086
0.066708688
0.045267027
0.125444086
0.08478255
0.125444086
0.155937185
0.136927829
0.070787901
0.037235547
0.132777597
0.075493484
0.045267027
0.151138314
0.104284863
0.045267027
0.028970792
0.018909256
0.045267027
0.125444086
0.067879696
0.018909256
0.070787901
0.037235547
0.045267027
0.027341462
0.155860507
0.136927829
0.123104108
0.066708688
0.020095403
0.018909256
0.081403922
0.129184512
0.066708688
0.123104108
0.066708688
0.123104108
0.067879696
0.123246443
0.08478255
0.027341462
0.155860507
0.1446838
0.155891231
0.136927829
0.155860507
0.155395009
0.155992438
0.152391849
0.155942659
0.151832802
0.155937185
0.151832802
0.152758293
0.155992438
0.136927829
0.123104108
0.066708688
0.020095403
0.018909256
0.020095403
0.030575877
0.022126506
0.045267027
0.125444086
0.066708688
0.020095403
0.123246443
0.066708688
0.045267027
0.125444086
0.066708688
0.070787901
0.038753007
0.018909256
0.123104108
0.066708688
0.020095403
0.081715137
0.0419236
0.123104108
0.066708688
0.081403922
0.06460806
0.125444086
0.08478255
0.0865322
0.129184512
0.101644797
0.127990185
0.066708688
0.082394807
0.095041205
0.132679442
0.070323847
0.123104108
0.066708688
0.045267027
0.028970792
0.123246443
0.066708688
0.021805248
0.019450117
0.020095403
0.018909256
0.123104108
0.101644797
0.037235547
0.045267027
0.028970792
0.018909256
0.123104108
0.08478255
0.027341462
0.123104108
0.066708688
0.132777597
0.075493484
0.070787901
0.127990185
0.08478255
0.125444086
0.066708688
0.123104108
0.141489569
0.075493484
0.123104108
0.08478255
0.027341462
0.123104108
0.066708688
0.018366524
0.018366524
0.045267027
0.076595134
0.060772006
0.027341462
0.045267027
0.125444086
0.155937185
0.136927829
0.045267027
0.027341462
0.155860507
0.136927829
0.045267027
0.076595134
0.037235547
0.045267027
0.155875252
0.140986434
0.155875252
0.140986434
0.027341462
0.031672635
0.022656232
0.021805248
0.019450117
0.127370766
0.155942659
0.1446838
0.15155587
0.155992438
0.137456234
0.132979905
0.155950426
0.151892327
0.101875603
0.146921142
0.141493388
0.066708688
0.150753245
0.104284863
0.070787901
0.146921142
0.092063614
0.021805248
0.04616027
0.027341462
0.045267027
0.027341462
0.132777597
0.075493484
0.132777597
0.155950426
0.151892327
0.1354634
0.155937185
0.140986434
0.0865322
0.06460806
0.095292441
0.130329116
0.066708688
0.132777597
0.155950426
0.136927829
0.081403922
0.147315945
0.153745738
0.155992438
0.152122194
0.155939952
0.155395009
0.152290087
0.117422818
0.060772006
0.076595134
0.155891231
0.136927829
0.123104108
0.155937185
0.155395009
0.155992438
0.137456234
0.04616027
0.027341462
0.132777597
0.155950426
0.136927829
0.155860507
0.136927829
0.145300438
0.092063614
0.123104108
0.08478255
0.028970792
0.018909256
0.155860507
0.136927829
0.045267027
0.027341462
0.123104108
0.066708688
0.132777597
0.075493484
0.155860507
0.151832802
0.152758293
0.104284863
0.150753245
0.155992438
0.155395009
0.155992438
0.155395009
0.140572528
0.15592548
0.155395009
0.105677102
0.12338818
0.141489569
0.075493484
0.123104108
0.141489569
0.137517215
0.066708688
0.123104108
0.066708688
0.020095403
0.018909256
0.123104108
0.08478255
0.027341462
0.123104108
0.141489569
0.075493484
0.070787901
0.037235547
0.045267027
0.134443215
0.075493484
0.150753245
0.144370421
0.066708688
0.021805248
0.019450117
0.070787901
0.155891231
0.153298542
0.155952902
0.155395009
0.115032053
0.135902636
0.155952902
0.153298542
0.077151324
0.018366524
0.018366524
0.018366524
0.020095403
0.018909256
0.045267027
0.027341462
0.045267027
0.027341462
0.020095403
0.018909256
0.020095403
0.018909256
0.020095403
0.018909256
0.020095403
0.018909256
0.020095403
0.023349387
0.022336721
0.020042266
0.021219826
0.026606606
0.02546083
0.030676641
0.028184978
0.023812651
0.038230452
0.030118512
0.034914334
0.030418573
0.087789489
0.054046131
0.043228083
0.145917904
0.109235857
0.055153839
0.146077717
0.141493388
0.07727514
0.059134237
0.155881249
0.137611935
0.123472937
0.136770788
0.141806315
0.091890589
0.034686155
0.133240329
0.082866804
0.073293902
0.13625338
0.137517215
0.08478255
0.05492128
0.125668982
0.155937185
0.151832802
0.155937185
0.152122194
0.155939952
0.143540309
0.155885956
0.14634588
0.155899577
0.154703684
0.155974859
0.155395009
0.155992438
0.151832802
0.08895941
0.046583982
0.074656439
0.049452569
0.048975154
0.035461613
0.047531966
0.125444086
0.155937185
0.152122194
0.110652737
0.129382547
0.155937185
0.155395009
0.115032053
0.076595134
0.127990185
0.149353237
0.102538937
0.02882752
0.123402321
0.136770788
0.070251618
0.029217876
0.026618626
0.04474735
0.052106147
0.055447928
0.125721665
0.086947013
0.125747972
0.08478255
0.07402061
0.063788788
0.037000434
0.040586493
0.026518057
0.026348881
0.022443299
0.07114011
0.127990185
0.141489569
0.137517215
0.136770788
0.141806315
0.103548597
0.146708906
0.105237846
0.047702815
0.124962469
0.136770788
0.07081736
0.132979905
0.084990715
0.13371356
0.138772103
0.071267466
0.031116056
0.087220498
0.129636711
0.141489569
0.155950426
0.138617641
0.028072978
0.046914415
0.127496596
0.069568145
0.022283088
0.020653983
0.022854021
0.021380518
0.023180974
0.021944332
0.019590048
0.021283741
0.020267882
0.021614075
0.046026698
0.030901885
0.071560982
0.039804893
0.046026698
0.030100444
0.123345722
0.155937185
0.138544124
0.133409045
0.116124812
0.137496113
0.091890589
0.134443215
0.138772103
0.141806315
0.138772103
0.084652273
0.155873827
0.143870802
0.135824174
0.155950426
0.140986434
0.125444086
0.097429326
0.081255311
0.129875753
0.155939952
0.154703684
0.153745738
0.155992438
0.154703684
0.153745738
0.155992438
0.155395009
0.105263236
0.045892981
0.039273003
0.068360715
0.135859552
0.137517215
0.149353237
0.122682402
0.12925457
0.152758293
0.116744819
0.151205472
0.144370421
0.108966981
0.151762674
0.144370421
0.081066639
0.051043356
0.125444086
0.08478255
0.125444086
0.141489569
0.091890589
0.076595134
0.060772006
0.076595134
0.055125209
0.052821755
0.134584437
0.076557405
0.07114011
0.042030536
0.049216467
0.0512498
0.086064012
0.137101714
0.091890589
0.070354107
0.058520033
0.127496596
0.07047833
0.132949669
0.137517215
0.070292846
0.133090438
0.076557405
0.045714463
0.076595134
0.039804893
0.071385854
0.060772006
0.055184917
0.038812635
0.048233874
0.125444086
0.11153752
0.068466652
0.040860585
0.046313382
0.043030368
0.033482924
0.068287824
0.056368415
0.125150635
0.141489569
0.090315932
0.071634276
0.041660894
0.12369791
0.136770788
0.085223951
0.039056415
0.073499623
0.044938535
0.133300016
0.137517215
0.070519458
0.023044904
0.020321583
0.021614075
0.046026698
0.03106163
0.021667943
0.045803754
0.032333092
0.026936203
0.023970001
0.04616027
0.050342567
0.036183983
0.035138334
0.03418632
0.050716583
0.077155178
0.079252807
0.127535274
0.136770788
0.141806315
0.138772103
0.135820601
0.141489569
0.090756957
0.07616437
0.13625338
0.150055778
0.114098957
0.146675823
0.142482254
0.135820601
0.085447948
0.125536886
0.101644797
0.062752671
0.05332675
0.050479875
0.076064655
0.050554863
0.029069073
0.072014747
0.04693423
0.124032538
0.069723886
0.027007878
0.056530538
0.135085372
0.137517215
0.149353237
0.105237846
0.058937915
0.155879217
0.140986434
0.032964507
0.125772691
0.097638308
0.127148598
0.141489569
0.137517215
0.141489569
0.150055778
0.155974859
0.151832802
0.152758293
0.130218526
0.129579155
0.141489569
0.155950426
0.152122194
0.155939952
0.153095325
0.076557405
0.125442502
0.141806315
0.137517215
0.149353237
0.092920769
0.155861406
0.136981327
0.02326489
0.021593665
0.123246443
0.101644797
0.060772006
0.03327914
0.023927932
0.067289291
0.05372387
0.032578497
0.025066227
0.029722794
0.023960267
0.045892981
0.090700389
0.087293619
0.048060053
0.046286501
0.125230937
0.086201258
0.031808581
0.055975768
0.043297618
0.024557108
0.039614501
0.026167721
0.019729855
0.019729855
0.021954197
0.025158752
0.028722415
0.025989157
0.028468413
0.047531966
0.125444086
0.149353237
0.105237846
0.155875252
0.155395009
0.155992438
0.140986434
0.125444086
0.111108412
0.08371239
0.095233952
0.137496113
0.080280121
0.036573751
0.041237276
0.044696114
0.034344081
0.047751755
0.076595134
0.060772006
0.044427773
0.052728803
0.039864043
0.048539667
0.044427773
0.039505537
0.15586897
0.152122194
0.155939952
0.151832802
0.155937185
0.151832802
0.155937185
0.139867392
0.040626036
0.02887702
0.033989155
0.155868019
0.146549362
0.049551801
0.02334024
0.125508819
0.155939952
0.151832802
0.06903653
0.020653983
0.021837405
0.026431648
0.038363704
0.033159036
0.041808093
0.026713866
0.13286885
0.155950426
0.138787998
0.086500936
0.15590088
0.155395009
0.117654518
0.031700581
0.03951145
0.033051492
0.036257145
0.040504279
0.026949421
0.020321583
0.02178423
0.020718133
0.020181667
0.020181667
0.022230069
0.026369885
0.022284353
0.025189581
0.022241812
0.023570184
0.046471367
0.040767149
0.034488548
0.048408709
0.038519451
0.029784947
0.036420286
0.049218536
0.039479401
0.048714054
0.032649158
0.022538083
0.019643983
0.019049672
0.019049672
0.019049672
0.019049672
0.019049672
0.019049672
0.02179474
0.020942767
0.022283088
0.028498553
0.026638977
0.023665517
0.021049681
0.022113487
0.020942767
0.023465023
0.022389704
0.031464399
0.029452408
0.031902547
0.026206698
0.03100633
0.048277607
0.076595134
0.092141232
0.129184512
0.087777036
0.125866083
0.07536672
0.048670481
0.033749748
0.047047014
0.034996869
0.025502469
0.021710643
0.023233662
0.046382563
0.073584064
0.127646586
0.099459419
0.055116085
0.033130461
0.039653225
0.040681723
0.031019179
0.025957877
0.022939377
0.025884453
0.029622555
0.047707829
0.063053016
0.126501299
0.141489569
0.150055778
0.101138692
0.155870432
0.14020477
0.05112874
0.155875252
0.156011351
0.156031331
0.14634588
0.049870747
0.072604726
0.127990185
0.079957616
0.050572614
0.054657016
0.1558765
0.1446838
0.155891231
0.153095325
0.155950426
0.138860506
0.036938596
0.056100291
0.033585122
0.020985669
0.023412415
0.029177888
0.028540548
0.033166409
0.058504996
0.088659517
0.129184512
0.155937185
0.140986434
0.155875252
0.1446838
0.044794735
0.047531966
0.034062596
0.047135332
0.030421564
0.035272391
0.084371917
0.085953516
0.060772006
0.030581852
0.020653983
0.022346561
0.021391055
0.123260644
0.149353237
0.114271513
0.127286388
0.071978979
0.022549172
0.020632167
0.020632167
0.023180974
0.028752502
0.133319878
0.155833778
0.132748251
0.041437804
0.050658857
0.125377632
0.076854713
0.049279045
0.073911675
0.127683596
0.08478255
0.09148785
0.129820069
0.141489569
0.115682912
0.137430945
0.150055778
0.155883514
0.141882976
0.155713284
0.150783958
0.155806824
0.154365659
0.141493388
0.149353237
0.105237846
0.030421564
0.031822286
0.028693532
0.082580093
0.129184512
0.101644797
0.127990185
0.098842005
0.059315683
0.038216814
0.02822585
0.024763967
0.021657425
0.034728987
0.035594198
0.028531111
0.045635004
0.091155189
0.129808646
0.073634356
0.069775494
0.044829761
0.043645948
0.125043248
0.112083442
0.066693746
0.048403204
0.042288958
0.049927614
0.048542789
0.039065156
0.029634326
0.023466278
0.02670957
0.034623246
0.05338215
0.0499307
0.032114271
0.045867071
0.125337692
0.090916508
0.035144694
0.133060344
0.095345243
0.134827077
0.091890589
0.146077717
0.099243009
0.027563456
0.046471367
0.031221194
0.026905124
0.025574845
0.021646906
0.023012373
0.021891195
0.024846381
0.041429222
0.124948986
0.080665117
0.031836245
0.034788369
0.059324256
0.03853161
0.032259318
0.029522847
0.0265048
0.021912832
0.030575877
0.124087982
0.083531179
0.125271013
0.149353237
0.141493388
0.08478255
0.125444086
0.090299712
0.033712783
0.021220463
0.02601858
0.047135332
0.125444086
0.085636987
0.034968096
0.047267689
0.134443215
0.150055778
0.141493388
0.088597672
0.054368526
0.125444086
0.149353237
0.141493388
0.090564725
0.146351405
0.141493388
0.149353237
0.141493388
0.149353237
0.141493388
0.149353237
0.141493388
0.08478255
0.04121204
0.124350063
0.149353237
0.093514305
0.02438755
0.027049082
0.022337353
0.027826096
0.024764589
0.021220463
0.123246443
0.070292846
0.123543404
0.141489569
0.137517215
0.111659397
0.129751456
0.141489569
0.137517215
0.08478255
0.030421564
0.0264832
0.031216435
0.037890747
0.049668615
0.029939611
0.045982142
0.039573212
0.124198588
0.070858337
0.021338362
0.022123974
0.029147287
0.069210457
0.057984755
0.12528436
0.08478255
0.047562245
0.036605616
0.023813903
0.030575877
0.048365024
0.031221194
0.028701748
0.035418762
0.026691684
0.021273833
0.024355931
0.123557479
0.141489569
0.091890589
0.090524172
0.129694145
0.08478255
0.125444086
0.091701509
0.038635436
0.02566829
0.021423298
0.022621724
0.021273833
0.022843584
0.021327185
0.020632167
0.02368565
0.033057696
0.042222699
0.070650012
0.09105475
0.055292819
0.036056897
0.03794818
0.031038917
0.025398659
0.028691716
0.027408662
0.031286004
0.028723626
0.034788369
0.027184596
0.02211412
0.019643983
0.019049672
0.019049672
0.019049672
0.020771038
0.023507221
0.026843559
0.047135332
0.125444086
0.155968336
0.156058824
0.155671176
0.129191724
0.059406998
0.134023684
0.153105176
0.152290087
0.112215094
0.146542327
0.104610643
0.086828716
0.12925457
0.149353237
0.122404223
0.06460806
0.125444086
0.0724234
0.123809829
0.1112928
0.083512509
0.091082124
0.047536916
0.025034751
0.028040924
0.025554347
0.022050551
0.019590048
0.020942129
0.028356024
0.027838016
0.04700283
0.125444086
0.072755287
0.050673236
0.035133379
0.03911815
0.031984538
0.047311775
0.125444086
0.076432199
0.028977783
0.024711812
0.022336721
0.019870178
0.045446197
0.029456022
0.027161261
0.026329721
0.082395542
0.074435503
0.12656538
0.079652507
0.03542107
0.029098483
0.047179467
0.038216814
0.039034439
0.038969855
0.049409045
0.036693164
0.027388418
0.023990719
0.021103111
0.023465023
0.029501091
0.040614625
0.03690192
0.027440245
0.02981361
0.026731749
0.123543404
0.075580871
0.070302088
0.127634239
0.072090289
0.023781537
0.024721498
0.050732487
0.053201587
0.125377632
0.076960015
0.049322394
0.030100444
0.025884453
0.039427991
0.02941369
0.027489611
0.026009595
0.028081836
0.0473999
0.063053016
0.048867582
0.124732481
0.141489569
0.150055778
0.141493388
0.108579047
0.129184512
0.080765686
0.124894997
0.083336842
0.125244301
0.111659397
0.147503172
0.092321908
0.018703109
0.018768067
0.018995532
0.019222667
0.019449473
0.019330772
0.019449473
0.019330772
0.019103794
0.019222667
0.019103794
0.019222667
0.019103794
0.019222667
0.019103794
0.018876486
0.018995532
0.018876486
0.018648849
0.018768067
0.018995532
0.019222667
0.019103794
0.019222667
0.019103794
0.018876486
0.018995532
0.018876486
0.018995532
0.018876486
0.018995532
0.018876486
0.018648849
0.018768067
0.018648849
0.018768067
0.018648849
0.018768067
0.018648849
0.018768067
0.018648849
0.018768067
0.018648849
0.018768067
0.018995532
0.019222667
0.019449473
0.020020364
0.0208675
0.022611272
0.020536198
0.019211981
0.018876486
0.018648849
0.018768067
0.018995532
0.01939547
0.01967595
0.020417685
0.022505443
0.046204761
0.065349125
0.033635901
0.019320094
0.018703109
0.018768067
0.018648849
0.018768067
0.018995532
0.018876486
0.018995532
0.018876486
0.018995532
0.018876486
0.018995532
0.018876486
0.018648849
0.018768067
0.018995532
0.018876486
0.018995532
0.018876486
0.018995532
0.018876486
0.018648849
0.01859457
0.01859457
0.018768067
0.018648849
0.018768067
0.018648849
0.018768067
0.018648849
0.018768067
0.018648849
0.018768067
0.018648849
0.018768067
0.018648849
0.018768067
0.018648849
0.018768067
0.018648849
0.018768067
0.018648849
0.018768067
0.018648849
0.018768067
0.018648849
0.018768067
0.018648849
0.018768067
0.018648849
0.018768067
0.018648849
0.018768067
0.018648849
0.018768067
0.018648849
0.018768067
0.018995532
0.018876486
0.018995532
0.018876486
0.018995532
0.019222667
0.019449473
0.01967595
0.019557421
0.019330772
0.019449473
0.019330772
0.019103794
0.019222667
0.019449473
0.019848252
0.019611367
0.01967595
0.019557421
0.01967595
0.019557421
0.01967595
0.019557421
0.01967595
0.019557421
0.01967595
0.019902098
0.019783741
0.020246013
0.020749878
0.021198727
0.022325617
0.024157605
0.024126562
0.023801655
0.021550932
0.020514367
0.020578574
0.020117294
0.020127918
0.020009733
0.020127918
0.020009733
0.019438802
0.019449473
0.019330772
0.019103794
0.018876486
0.018995532
0.018876486
0.018995532
0.018876486
0.018648849
0.018768067
0.018648849
0.018768067
0.018648849
0.018768067
0.018648849
0.018768067
0.018648849
0.018768067
0.018648849
0.018768067
0.018648849
0.018768067
0.018648849
0.018768067
0.018648849
0.018768067
0.018648849
0.018768067
0.018995532
0.019222667
0.020310332
0.019600708
0.019449473
0.019330772
0.019449473
0.01967595
0.019384797
0.019622026
0.019557421
0.019157897
0.019222667
0.019103794
0.019222667
0.019103794
0.019222667
0.019103794
0.019222667
0.019103794
0.019222667
0.019103794
0.019222667
0.019449473
0.019330772
0.019449473
0.01967595
0.019902098
0.020299721
0.020235397
0.02035341
0.020235397
0.020009733
0.020127918
0.019837609
0.019557421
0.019330772
0.019103794
0.019222667
0.019103794
0.018876486
0.018995532
0.019912736
0.020009733
0.023022798
0.027448531
0.027213781
0.027131454
0.022231334
0.020460733
0.020235397
0.019837609
0.019557421
0.01967595
0.019557421
0.020192286
0.020235397
0.020524963
0.020803412
0.021027922
0.021763209
0.022822709
0.025594723
0.060213968
0.035503874
0.022526993
0.022928317
0.025096454
0.025221643
0.021870188
0.020685741
0.020289109
0.020009733
0.019783741
0.019557421
0.019848252
0.020127918
0.02035341
0.020578574
0.022336089
0.021337726
0.021198727
0.021816391
0.024000451
0.022103633
0.021816391
0.022145579
0.022028933
0.023664891
0.021487129
0.021145331
0.020792834
0.020289109
0.019837609
0.019557421
0.019330772
0.019449473
0.019157897
0.018876486
0.018995532
0.019222667
0.019103794
0.018876486
0.019168586
0.019103794
0.019222667
0.019103794
0.018876486
0.018995532
0.019222667
0.019103794
0.019222667
0.019103794
0.01939547
0.01967595
0.019557421
0.01967595
0.019557421
0.019330772
0.019449473
0.01967595
0.02007415
0.02035341
0.020063523
0.019611367
0.01967595
0.019902098
0.020299721
0.020063523
0.020985031
0.021986322
0.024721498
0.026823237
0.03887336
0.031617238
0.024294545
0.029197884
0.0447123
0.051724671
0.033593057
0.02897597
0.027633603
0.032021375
0.061541569
0.045758814
0.068252438
0.058544179
0.052570676
0.0865322
0.06460806
0.035770558
0.022919145
0.019945289
0.019902098
0.019783741
0.019557421
0.019330772
0.019103794
0.019222667
0.019103794
0.019222667
0.019103794
0.019222667
0.019449473
0.01967595
0.019557421
0.020364018
0.020460733
0.021603553
0.021465431
0.021134777
0.021422662
0.021699493
0.022092512
0.023717411
0.022506074
0.021805883
0.021922699
0.022145579
0.02185905
0.022600818
0.021167074
0.027826096
0.027408662
0.025263349
0.021646906
0.057653619
0.056040102
0.086473838
0.054102667
0.040327146
0.084731307
0.043387274
0.123246443
0.08478255
0.042390898
0.026218134
0.022315144
0.023433837
0.155862657
0.156058432
0.145944156
0.025897149
0.026039631
0.026195261
0.021912832
0.132878967
0.090315932
0.034432523
0.036612233
0.133733068
0.116069831
0.050138833
0.024576499
0.034223158
0.133664718
0.155833778
0.132486632
0.020127918
0.020524963
0.020460733
0.023801029
0.022833777
0.023381218
0.022230701
0.021922699
0.02043953
0.019783741
0.019384797
0.019103794
0.019222667
0.019103794
0.019222667
0.018930668
0.018648849
0.018768067
0.018648849
0.018941373
0.019222667
0.019449473
0.019848252
0.020299721
0.020578574
0.021316007
0.021358805
0.023001947
0.023023427
0.026699399
0.038411019
0.1246373
0.151675044
0.113038474
0.053828007
0.030741959
0.022071533
0.021412127
0.020792834
0.020289109
0.019837609
0.019557421
0.019330772
0.019449473
0.019848252
0.020642756
0.020171047
0.019783741
0.02007415
0.020009733
0.019611367
0.01967595
0.019557421
0.019330772
0.019449473
0.01967595
0.02007415
0.020696326
0.020685741
0.020974466
0.02159303
0.022431571
0.020942767
0.019201295
0.018648849
0.018941373
0.018876486
0.018995532
0.019222667
0.019622026
0.019557421
0.019330772
0.019622026
0.019557421
0.019330772
0.019103794
0.01939547
0.01967595
0.019557421
0.019330772
0.019449473
0.019330772
0.019449473
0.020020364
0.021550297
0.019924016
0.019449473
0.019330772
0.019622026
0.019557421
0.019848252
0.019611367
0.01967595
0.019557421
0.019848252
0.019783741
0.02007415
0.02035341
0.020063523
0.019438802
0.019622026
0.019557421
0.019330772
0.019449473
0.01967595
0.020931561
0.021134777
0.021252105
0.022156064
0.022251658
0.027202422
0.155444567
0.155989267
0.1372633
0.047939623
0.051214062
0.030741959
0.022748991
0.024492067
0.032367477
0.028531111
0.022072166
0.123246443
0.075901106
0.124253751
0.091266507
0.035338464
0.123501141
0.155670552
0.155989267
0.133199251
0.025677914
0.027745334
0.049502636
0.125655798
0.155806824
0.143950078
0.049040157
0.047311775
0.038368219
0.028764345
0.038420367
0.044506937
0.026765319
0.019546758
0.019103794
0.018876486
0.018995532
0.020256628
0.019255364
0.020202905
0.019255364
0.018648849
0.018768067
0.018648849
0.018768067
0.018648849
0.01859457
0.01859457
0.018768067
0.018648849
0.018768067
0.019341449
0.019330772
0.021337089
0.020610988
0.020009733
0.020471333
0.020289109
0.019665295
0.01898483
0.018648849
0.018768067
0.018995532
0.018876486
0.018648849
0.018768067
0.018648849
0.018768067
0.018648849
0.018768067
0.018648849
0.018768067
0.018648849
0.018768067
0.018995532
0.018876486
0.018995532
0.019222667
0.019103794
0.019222667
0.019449473
0.01967595
0.020246013
0.020235397
0.020524963
0.021486493
0.023107431
0.027836798
0.12379586
0.142478691
0.155838818
0.134860005
0.083950483
0.098480984
0.147491825
0.122404223
0.059295967
0.050829619
0.034996869
0.025170269
0.025470467
0.025605588
0.034350227
0.033913011
0.042359871
0.028350217
0.046115762
0.035616174
0.02303511
0.021880058
0.024721498
0.041336752
0.034752843
0.046285971
0.032105069
0.023885852
0.022632807
0.046071238
0.134443215
0.155950426
0.138121729
0.082825487
0.137101714
0.153105176
0.155919301
0.156031331
0.156011351
0.133071275
0.022622355
0.026049847
0.026905737
0.026473629
0.021167711
0.019330772
0.018930668
0.018648849
0.018768067
0.018995532
0.018876486
0.018648849
0.018768067
0.018995532
0.01939547
0.019330772
0.019622026
0.019557421
0.01967595
0.019902098
0.022177031
0.02521075
0.033352707
0.124226181
0.156063041
0.154359813
0.03583499
0.027644929
0.026555712
0.033598068
0.156063041
0.156062584
0.145220403
0.028468413
0.034185156
0.029916117
0.025626698
0.021306101
0.02035341
0.020063523
0.021497023
0.021124222
0.020171047
0.020127918
0.019320094
0.019222667
0.019103794
0.019222667
0.019103794
0.019222667
0.019103794
0.019222667
0.019103794
0.018876486
0.019168586
0.019103794
0.020084777
0.020578574
0.020289109
0.02035341
0.019719204
0.019330772
0.019449473
0.019330772
0.019449473
0.019848252
0.019611367
0.019330772
0.018930668
0.018648849
0.018768067
0.018995532
0.018876486
0.018648849
0.018768067
0.018648849
0.018768067
0.018648849
0.018768067
0.018648849
0.018768067
0.018995532
0.019222667
0.019103794
0.01939547
0.01967595
0.019384797
0.019449473
0.019330772
0.019103794
0.019222667
0.018930668
0.018648849
0.018768067
0.018648849
0.018768067
0.018648849
0.018768067
0.018995532
0.019222667
0.019103794
0.018876486
0.018995532
0.018876486
0.018995532
0.019222667
0.019103794
0.01939547
0.020192286
0.02177372
0.021006797
0.027007265
0.031674414
0.024723365
0.021688977
0.021869554
0.021805883
0.0210708
0.022049918
0.021912198
0.022431571
0.02281227
0.022526993
0.023097011
0.021784865
0.020792834
0.021145331
0.022494982
0.023033852
0.023591583
0.022738547
0.023433837
0.024586194
0.023843759
0.023864494
0.032909955
0.026330951
0.023476044
0.029137286
0.028266103
0.022453764
0.020514367
0.020063523
0.019611367
0.019848252
0.019783741
0.021102473
0.021869554
0.021124222
0.020171047
0.019783741
0.02007415
0.020009733
0.020127918
0.019837609
0.019557421
0.019330772
0.019103794
0.019222667
0.019449473
0.019330772
0.019103794
0.018876486
0.018648849
0.018768067
0.018648849
0.01859457
0.01859457
0.018768067
0.018995532
0.018876486
0.018995532
0.018876486
0.018995532
0.018876486
0.018995532
0.018876486
0.018995532
0.019222667
0.019103794
0.018876486
0.018995532
0.019222667
0.019449473
0.01967595
0.019902098
0.020299721
0.019719204
0.019848252
0.020127918
0.02035341
0.021091916
0.024010808
0.066051996
0.127373738
0.141489569
0.137517215
0.141489569
0.14389385
0.098828035
0.136502148
0.092290401
0.052190747
0.156063041
0.155642867
0.08478255
0.056233219
0.087315598
0.056340099
0.035207691
0.027787549
0.033352707
0.03039815
0.023613606
0.023664891
0.024690572
0.021817025
0.021539771
0.020899853
0.020803412
0.021369344
0.020503769
0.019665295
0.019330772
0.019103794
0.018876486
0.018648849
0.018768067
0.018648849
0.018768067
0.018648849
0.018768067
0.018648849
0.018768067
0.018995532
0.019568083
0.019902098
0.019611367
0.01967595
0.019557421
0.01898483
0.018995532
0.018876486
0.018995532
0.018876486
0.018995532
0.018876486
0.018648849
0.018768067
0.018648849
0.018768067
0.018648849
0.018768067
0.018995532
0.019222667
0.019103794
0.019222667
0.019103794
0.018876486
0.018648849
0.018768067
0.018648849
0.018768067
0.018648849
0.018768067
0.018648849
0.018768067
0.018648849
0.018768067
0.018995532
0.019222667
0.019449473
0.019330772
0.019103794
0.018876486
0.018995532
0.018876486
0.018995532
0.018876486
0.018995532
0.018876486
0.018995532
0.018876486
0.018995532
0.019222667
0.019103794
0.019222667
0.019103794
0.019222667
0.019103794
0.019222667
0.019103794
0.01939547
0.019330772
0.019449473
0.01967595
0.019557421
0.019157897
0.019222667
0.020310332
0.019773094
0.01898483
0.019514122
0.019902098
0.020471333
0.019945289
0.019557421
0.01967595
0.019211981
0.020256628
0.019600708
0.019449473
0.020364018
0.019600708
0.019103794
0.020256628
0.019773094
0.020364018
0.019945289
0.019557421
0.01967595
0.020417685
0.020460733
0.020235397
0.027232826
0.022760695
0.023517612
0.024575877
0.023791283
0.021327185
0.025853151
0.025305044
0.021593665
0.021996817
0.020546794
0.020471333
0.021145331
0.020792834
0.02165679
0.020953334
0.023012373
0.022907453
0.023486437
0.024419162
0.024461093
0.024241602
0.021487129
0.021145331
0.020450132
0.02035341
0.020578574
0.022336089
0.02201844
0.026606606
0.022612533
0.020685741
0.020289109
0.020524963
0.020460733
0.020578574
0.020974466
0.020739297
0.020117294
0.020471333
0.019945289
0.02007415
0.019665295
0.020364018
0.019773094
0.020364018
0.019773094
0.020364018
0.019773094
0.019330772
0.019449473
0.019330772
0.020310332
0.019600708
0.019449473
0.020364018
0.019773094
0.019330772
0.020310332
0.019600708
0.019449473
0.01967595
0.019384797
0.019449473
0.020020364
0.020524963
0.020460733
0.020063523
0.020299721
0.020578574
0.023012373
0.024586194
0.021646906
0.020460733
0.021091916
0.021646271
0.020899853
0.021145331
0.020621578
0.020235397
0.020524963
0.019945289
0.019557421
0.019848252
0.019611367
0.020364018
0.019773094
0.019330772
0.019449473
0.021731037
0.022759435
0.020825203
0.022230069
0.022526993
0.022590364
0.021965328
0.022092512
0.02185905
0.022600818
0.022526993
0.021912198
0.020899853
0.020460733
0.020578574
0.020289109
0.020009733
0.019783741
0.02007415
0.019665295
0.019330772
0.019103794
0.018876486
0.018995532
0.018876486
0.018648849
0.018768067
0.018648849
0.018768067
0.018648849
0.018768067
0.018648849
0.018768067
0.018648849
0.018768067
0.018995532
0.018876486
0.018995532
0.018876486
0.018995532
0.019222667
0.019449473
0.019330772
0.019794388
0.020299721
0.020063523
0.019783741
0.019902098
0.020471333
0.020803412
0.021710009
0.022145579
0.027038322
0.033940841
0.034039785
0.033393282
0.029361362
0.047223586
0.076595134
0.047498459
0.048365024
0.125444086
0.068228228
0.0209639
0.020685741
0.020289109
0.02035341
0.020578574
0.020803412
0.021027922
0.022442036
0.023707033
0.02279139
0.022082022
0.022653709
0.022526993
0.022082022
0.021635751
0.021358805
0.0209639
0.022049918
0.023769912
0.025023844
0.025947037
0.031822878
0.03510959
0.124226181
0.085258431
0.040999228
0.039382722
0.036700348
0.035439035
0.035545296
0.029432448
0.025802613
0.027591954
0.024680884
0.022347193
0.021465431
0.0209639
0.020685741
0.021316007
0.021358805
0.020792834
0.021145331
0.021816391
0.021294921
0.020396476
0.020009733
0.022177031
0.027192286
0.025232536
0.025356371
0.025221643
0.027049082
0.024691194
0.021721158
0.020052895
0.019902098
0.020471333
0.019773094
0.019330772
0.019103794
0.018876486
0.018648849
0.018768067
0.018648849
0.018768067
0.018648849
0.018768067
0.018995532
0.018876486
0.018648849
0.018768067
0.018995532
0.019222667
0.019449473
0.019848252
0.019266047
0.021624596
0.023265518
0.022685686
0.022590364
0.021965328
0.021582507
0.019471455
0.018995532
0.019740505
0.019783741
0.019557421
0.019330772
0.019449473
0.020364018
0.023180974
0.032909955
0.048801151
0.039273003
0.023288845
0.018811573
0.018768067
0.018648849
0.01859457
0.01859457
0.018768067
0.018995532
0.019222667
0.019449473
0.019157897
0.018876486
0.020202905
0.081715137
0.129184512
0.068806291
0.023097011
0.022970666
0.023707033
0.032119927
0.124157154
0.067178801
0.02653412
0.029542192
0.029471762
0.034136327
0.024671818
0.021252105
0.023843133
0.020225421
0.020202905
0.019255364
0.020202905
0.019255364
0.020202905
0.019255364
0.020202905
0.019255364
0.018648849
0.018768067
0.018995532
0.018876486
0.018648849
0.018768067
0.018648849
0.018768067
0.018648849
0.018768067
0.018648849
0.018768067
0.018648849
0.018768067
0.018648849
0.018768067
0.020202905
0.019255364
0.020202905
0.019255364
0.020202905
0.019255364
0.020202905
0.019255364
0.020202905
0.019255364
0.020202905
0.019255364
0.020202905
0.019255364
0.019341449
0.019330772
0.019103794
0.020256628
0.019428132
0.020256628
0.020803412
0.020685741
0.020117294
0.019783741
0.019384797
0.020310332
0.019600708
0.019103794
0.020256628
0.018909256
0.018713829
0.018648849
0.018768067
0.018648849
0.020149163
0.019255364
0.020202905
0.019255364
0.018995532
0.018876486
0.020202905
0.019600708
0.018930668
0.020202905
0.019428132
0.019222667
0.019103794
0.020256628
0.019428132
0.020256628
0.019773094
0.020364018
0.019600708
0.019449473
0.019330772
0.019103794
0.019222667
0.019449473
0.019330772
0.019622026
0.020417685
0.021486493
0.021241558
0.020567982
0.020063523
0.019611367
0.019330772
0.019449473
0.019330772
0.019449473
0.019330772
0.019103794
0.018876486
0.018995532
0.018876486
0.018995532
0.019222667
0.019103794
0.019222667
0.019449473
0.019157897
0.019222667
0.019103794
0.019222667
0.019103794
0.019222667
0.020310332
0.019600708
0.020310332
0.019428132
0.020256628
0.019428132
0.018876486
0.020202905
0.019255364
0.019168586
0.019622026
0.019557421
0.01967595
0.019902098
0.020127918
0.020524963
0.02165679
0.022145579
0.021688977
0.020846353
0.021316007
0.021188177
0.020910423
0.020685741
0.020974466
0.020739297
0.020803412
0.020685741
0.02165679
0.022822709
0.022410639
0.023212841
0.023192016
0.022748991
0.021795374
0.020846353
0.020289109
0.019837609
0.019557421
0.020192286
0.020235397
0.020524963
0.020803412
0.020685741
0.030094448
0.025989773
0.024251943
0.023906581
0.023413043
0.022463596
0.026874038
0.024680884
0.021667943
0.020910423
0.021198727
0.0209639
0.020685741
0.021145331
0.019762446
0.019103794
0.018876486
0.018648849
0.018768067
0.018648849
0.020149163
0.019082406
0.020149163
0.019255364
0.020202905
0.019255364
0.018995532
0.018876486
0.018995532
0.018876486
0.018995532
0.020256628
0.019600708
0.019449473
0.01967595
0.02007415
0.020009733
0.019783741
0.019902098
0.019438802
0.019103794
0.019740505
0.022346561
0.022579909
0.024105239
0.020739936
0.021219826
0.022769877
0.021220463
0.020117294
0.020127918
0.020524963
0.021145331
0.021816391
0.02248452
0.022135093
0.022653709
0.023033852
0.031125918
0.030538062
0.034185156
0.031516551
0.034331536
0.024337759
0.123246443
0.075687748
0.027481327
0.021135414
0.019783741
0.019557421
0.01967595
0.019557421
0.019330772
0.019103794
0.019222667
0.018930668
0.018995532
0.018876486
0.018995532
0.018876486
0.018995532
0.018876486
0.018995532
0.018876486
0.018995532
0.018876486
0.018995532
0.018876486
0.018995532
0.018876486
0.018995532
0.018876486
0.018995532
0.018876486
0.018995532
0.018876486
0.018995532
0.019222667
0.020310332
0.02165679
0.022822709
0.022748991
0.020942767
0.019891459
0.019902098
0.020471333
0.025521737
0.02436751
0.024366887
0.021593665
0.025853151
0.03369609
0.048801151
0.03987273
0.026825077
0.025138195
0.023329209
0.022474058
0.022251658
0.020321583
0.019557421
0.01967595
0.020246013
0.020578574
0.020460733
0.020578574
0.020460733
0.020920992
0.020739297
0.020803412
0.020171047
0.021155885
0.022039426
0.022368134
0.022082022
0.021805883
0.021241558
0.020396476
0.020009733
0.019611367
0.019848252
0.020127918
0.020009733
0.021497023
0.02043953
0.019783741
0.02007415
0.02035341
0.020578574
0.020974466
0.020910423
0.019826966
0.01967595
0.02007415
0.020524963
0.020974466
0.021422662
0.021699493
0.020557388
0.020009733
0.019783741
0.019902098
0.020813988
0.021252105
0.020621578
0.020578574
0.019945289
0.019902098
0.020127918
0.02035341
0.020235397
0.021209277
0.021699493
0.022769877
0.025760441
0.02308722
0.030876165
0.026309942
0.024471418
0.02496149
0.025231916
0.021923333
0.029822963
0.033304754
0.026474859
0.03137523
0.036651275
0.025358849
0.022833147
0.023139313
0.022917885
0.023033852
0.022748991
0.024324929
0.024513335
0.023234291
0.023202429
0.02280183
0.021625231
0.021816391
0.023832765
0.033008467
0.029916117
0.033842993
0.034039785
0.03417609
0.03530341
0.025337701
0.021465431
0.022325617
0.022474058
0.023265518
0.022007945
0.021699493
0.023275926
0.028701748
0.031336439
0.024347469
0.023832765
0.046471367
0.065349125
0.057564844
0.065573032
0.079837081
0.048897523
0.025835161
0.02230467
0.022706581
0.022526993
0.022759435
0.022526993
0.022759435
0.023202429
0.026966662
0.027111172
0.021955464
0.020578574
0.020803412
0.021027922
0.020739297
0.020289109
0.019837609
0.019902098
0.020127918
0.020524963
0.020460733
0.020235397
0.020009733
0.019783741
0.019557421
0.020020364
0.02035341
0.020920992
0.020910423
0.019826966
0.01967595
0.019557421
0.019330772
0.019449473
0.019330772
0.019103794
0.019222667
0.019103794
0.019222667
0.019103794
0.018876486
0.018995532
0.019222667
0.020310332
0.019945289
0.020417685
0.020117294
0.019611367
0.01967595
0.019557421
0.019330772
0.019103794
0.018876486
0.018648849
0.018768067
0.018648849
0.01859457
0.01859457
0.020149163
0.019082406
0.020149163
0.019082406
0.018768067
0.018648849
0.018768067
0.018648849
0.018768067
0.018648849
0.020149163
0.019255364
0.018995532
0.019222667
0.019449473
0.019330772
0.019103794
0.018876486
0.018648849
0.018768067
0.018648849
0.018768067
0.018648849
0.018768067
0.018648849
0.018768067
0.018648849
0.018768067
0.018648849
0.018768067
0.020202905
0.019428132
0.019740505
0.0190931
0.018995532
0.018876486
0.020202905
0.019428132
0.018876486
0.018995532
0.018876486
0.020202905
0.019600708
0.019449473
0.01967595
0.019902098
0.019783741
0.019384797
0.019449473
0.019330772
0.019449473
0.01967595
0.019902098
0.019438802
0.019103794
0.019222667
0.019103794
0.018876486
0.018995532
0.019222667
0.019103794
0.018876486
0.018648849
0.020149163
0.019082406
0.018768067
0.018648849
0.018768067
0.018648849
0.020149163
0.019082406
0.020149163
0.019082406
0.020149163
0.019082406
0.020149163
0.019082406
0.020149163
0.019082406
0.020149163
0.019082406
0.01859457
0.01859457
0.020149163
0.019082406
0.020149163
0.019082406
0.020149163
0.019082406
0.020149163
0.019082406
0.020149163
0.019082406
0.01859457
0.01859457
0.01859457
0.01859457
0.01859457
0.01859457
0.009672537
0.006781248
0.006781248
0.006781248
0.006781248
0.006781248
0.006781248
0.006781248
0.006781248
0.006781248
0.006781248
0.006781248
0.006781248
0.006781248
0.006781248
0.006781248
0.006781248
0.006781248
0.006781248
0.006781248
0.006781248
0.006781248
0.006781248
0.006781248
0.006781248
0.006781248
0.006781248
0.006781248
0.006781248
0.006781248
0.006781248
0.006781248
0.006781248
0.006781248
0.006781248
0.006781248
0.006781248
0.006781248
0.006781248
0.006781248
0.006781248
0.006781248
0.006781248
0.006781248
0.006781248
0.006781248
0.006781248
0.006781248
0.006781248
0.006781248
0.006781248
0.006781248
0.006781248
0.006781248
0.006781248
0.006781248
0.006781248
0.006781248
0.006781248
0.006781248
0.006781248
0.006781248
0.006781248
0.006781248
0.006781248
0.006781248
0.006781248
0.006781248
0.006781248
0.006781248
0.006781248
0.006781248
0.006781248
0.006781248
0.006781248
0.006781248
0.006781248
0.006781248
0.006781248
0.006781248
0.006781248
0.006781248
0.006781248
0.006781248
0.006781248
0.006781248
0.006781248
0.006781248
0.006781248
0.006781248
0.006781248
0.006781248
0.006781248
0.006781248
0.006594679
0.006722923
0.006781248
0.006781248
0.006781248
0.006781248
0.006781248
0.006594679
0.006722923
0.006594679
0.006722923
0.006594679
0.006722923
0.006594679
0.006722923
0.006594679
0.006722923
0.006594679
0.006722923
0.006594679
0.006722923
0.006594679
0.006722923
0.006594679
0.006722923
0.006594679
0.006722923
0.006594679
0.006722923
0.006594679
0.006722923
0.006594679
0.006722923
0.006594679
0.006722923
0.006594679
0.006722923
0.006594679
0.006722923
0.006781248
0.006781248
0.006781248
0.006781248
0.006781248
0.006594679
0.006722923
0.006594679
0.006722923
0.006781248
0.006781248
0.006781248
0.006781248
0.006781248
0.006781248
0.006781248
0.006781248
0.006967615
0.006839552
0.006781248
0.006781248
0.006781248
0.006781248
0.006781248
0.006781248
0.006781248
0.006781248
0.006781248
0.006781248
0.006781248
0.006781248
0.006781248
0.006781248
0.006781248
0.006781248
0.006781248
0.006781248
0.006781248
0.006781248
0.006781248
0.006781248
0.006781248
0.006781248
0.006781248
0.006781248
0.006967615
0.006839552
0.006967615
0.007211962
0.00708408
0.006839552
0.006967615
0.010345193
0.028557602
0.015541143
0.010368445
0.009923
0.010242908
0.010960995
0.010585431
0.0096825
0.010185753
0.009315431
0.010801459
0.010277464
0.010664981
0.012883167
0.011699085
0.012399133
0.011165987
0.02840508
0.018521399
0.011336396
0.010105976
0.021420755
0.031524604
0.018347629
0.028963539
0.021786768
0.013131543
0.01341078
0.012534871
0.019502169
0.023275926
0.016179428
0.017625137
0.026924822
0.022929576
0.018616672
0.013669423
0.010870335
0.011142846
0.022757544
0.031822878
0.032131492
0.022496876
0.020535559
0.030625969
0.0269685
0.031524604
0.029088479
0.032170063
0.032131492
0.030086312
0.032615177
0.032131492
0.033108082
0.030538062
0.031186864
0.033108082
0.029088479
0.029127888
0.028123345
0.024691194
0.031275558
0.032131492
0.015042326
0.007421523
0.006781248
0.006781248
0.006967615
0.006839552
0.006781248
0.006781248
0.006781248
0.006781248
0.006781248
0.006781248
0.006781248
0.006781248
0.006781248
0.006781248
0.006781248
0.006781248
0.006781248
0.006594679
0.006722923
0.006781248
0.006781248
0.006781248
0.006781248
0.006781248
0.006781248
0.006967615
0.007769074
0.008924119
0.008659403
0.008301542
0.007688157
0.007328262
0.00708408
0.006839552
0.006781248
0.006781248
0.006967615
0.006839552
0.006781248
0.006781248
0.006967615
0.006839552
0.006967615
0.006839552
0.006967615
0.006839552
0.006781248
0.006781248
0.006948987
0.007020034
0.008509091
0.009154331
0.010676245
0.011313278
0.010824647
0.010105976
0.009567791
0.00926932
0.009395581
0.010002863
0.009625155
0.009636489
0.008405692
0.00725863
0.006839552
0.006781248
0.006967615
0.008139482
0.007931485
0.007572099
0.007328262
0.00708408
0.006839552
0.006967615
0.006839552
0.006967615
0.006839552
0.006967615
0.006839552
0.006967615
0.006839552
0.006967615
0.006839552
0.006967615
0.006839552
0.006967615
0.006839552
0.006967615
0.006839552
0.006967615
0.006839552
0.006967615
0.006839552
0.006967615
0.008509091
0.009154331
0.009762477
0.011029127
0.011006646
0.010528392
0.009865737
0.010425538
0.007897139
0.006839552
0.006967615
0.006839552
0.006781248
0.006967615
0.006839552
0.006967615
0.006839552
0.006967615
0.006839552
0.006967615
0.006839552
0.006967615
0.006839552
0.006967615
0.006839552
0.006967615
0.006839552
0.006967615
0.006839552
0.006967615
0.006839552
0.006781248
0.006967615
0.006839552
0.006967615
0.006839552
0.006967615
0.006839552
0.006967615
0.006839552
0.006967615
0.006839552
0.006967615
0.006839552
0.006967615
0.006839552
0.006967615
0.006839552
0.006967615
0.006839552
0.006967615
0.006839552
0.006781248
0.006967615
0.006839552
0.006967615
0.006839552
0.006967615
0.006839552
0.006967615
0.006839552
0.006967615
0.006839552
0.006967615
0.006839552
0.006967615
0.006839552
0.006967615
0.006839552
0.006967615
0.006839552
0.006967615
0.006839552
0.006967615
0.006839552
0.006967615
0.007211962
0.00708408
0.007211962
0.00708408
0.006839552
0.006781248
0.006967615
0.007397866
0.010459376
0.010094674
0.019825038
0.013110014
0.011210904
0.010699451
0.01241028
0.013567828
0.013914613
0.013612766
0.010060763
0.008232303
0.008185899
0.008058739
0.007815591
0.007200466
0.006839552
0.006781248
0.006967615
0.006839552
0.006967615
0.006839552
0.006967615
0.006839552
0.006967615
0.006839552
0.006967615
0.006839552
0.006967615
0.006839552
0.006967615
0.007397866
0.007328262
0.00708408
0.007211962
0.00708408
0.006839552
0.006967615
0.006839552
0.006967615
0.006839552
0.006967615
0.006839552
0.006967615
0.006839552
0.006967615
0.006839552
0.006967615
0.006839552
0.006967615
0.007211962
0.00708408
0.007211962
0.00708408
0.006839552
0.006967615
0.006839552
0.006967615
0.006839552
0.006967615
0.006839552
0.006967615
0.006839552
0.006967615
0.006839552
0.006967615
0.006839552
0.006967615
0.007954378
0.008797507
0.008232303
0.007444484
0.008566813
0.007491089
0.006839552
0.006967615
0.006839552
0.006967615
0.007211962
0.007455963
0.008624516
0.0102542
0.014438257
0.029469354
0.013761901
0.020779702
0.027161873
0.03221959
0.029250272
0.03221959
0.028113881
0.01788919
0.017253792
0.010780305
0.009039264
0.00902789
0.009338139
0.009085437
0.008417108
0.008058739
0.008924119
0.008290119
0.008185899
0.007873548
0.007942931
0.007630138
0.007328262
0.007455963
0.007328262
0.007455963
0.00769962
0.007386383
0.007455963
0.006956103
0.007153782
0.007455963
0.006956103
0.006967615
0.006839552
0.006967615
0.006839552
0.006967615
0.006839552
0.006967615
0.006839552
0.006967615
0.007211962
0.00708408
0.006839552
0.006967615
0.006839552
0.006967615
0.006839552
0.006967615
0.006839552
0.006967615
0.006839552
0.006967615
0.006839552
0.006967615
0.006839552
0.006967615
0.006839552
0.006967615
0.00758357
0.009418278
0.028252397
0.013761901
0.012882497
0.012883838
0.016946633
0.009981609
0.027691177
0.013761901
0.006839552
0.006594679
0.006722923
0.006967615
0.006839552
0.006967615
0.006839552
0.006967615
0.006839552
0.006967615
0.006839552
0.006967615
0.006839552
0.006967615
0.006839552
0.006967615
0.007211962
0.00708408
0.006839552
0.006967615
0.006839552
0.006967615
0.007211962
0.007455963
0.007328262
0.00708408
0.007211962
0.00708408
0.007211962
0.00708408
0.00758357
0.007572099
0.007328262
0.007641605
0.007572099
0.007328262
0.007455963
0.007328262
0.00708408
0.006839552
0.006967615
0.006839552
0.006967615
0.006839552
0.006967615
0.006839552
0.006967615
0.006839552
0.006967615
0.006839552
0.006967615
0.006839552
0.006967615
0.006839552
0.006967615
0.006839552
0.006967615
0.006839552
0.006967615
0.006839552
0.006967615
0.006839552
0.006967615
0.006839552
0.006967615
0.007954378
0.008613114
0.008912738
0.009521748
0.009510407
0.008717075
0.008855132
0.008786118
0.008359335
0.008058739
0.008185899
0.007873548
0.007572099
0.007328262
0.00708408
0.006839552
0.006967615
0.009613136
0.0096825
0.018038685
0.016465007
0.029368333
0.021105022
0.0136245
0.012737262
0.016705346
0.018778783
0.017833348
0.014093913
0.013388619
0.014394209
0.014138042
0.01539363
0.025095213
0.03221959
0.021786768
0.013669423
0.016946633
0.010894193
0.007560628
0.006897838
0.006781248
0.006967615
0.006839552
0.006967615
0.006839552
0.006967615
0.006839552
0.006967615
0.006839552
0.006967615
0.006839552
0.006967615
0.00758357
0.007572099
0.00769962
0.007200466
0.00758357
0.007572099
0.00769962
0.007572099
0.007328262
0.00708408
0.007397866
0.007142283
0.007211962
0.00708408
0.007211962
0.00708408
0.007397866
0.007142283
0.007211962
0.007455963
0.00769962
0.007572099
0.007328262
0.007641605
0.007572099
0.00769962
0.007572099
0.007328262
0.00708408
0.007211962
0.006897838
0.006967615
0.006839552
0.006967615
0.006839552
0.006967615
0.006839552
0.006967615
0.006839552
0.006967615
0.006839552
0.006967615
0.006839552
0.006967615
0.006839552
0.006967615
0.007211962
0.007641605
0.007200466
0.007211962
0.00708408
0.007211962
0.007455963
0.007328262
0.00708408
0.006839552
0.006967615
0.006839552
0.006967615
0.006839552
0.006967615
0.006839552
0.006967615
0.007211962
0.007455963
0.007328262
0.00708408
0.007211962
0.00708408
0.007211962
0.00708408
0.007397866
0.00769962
0.007572099
0.007328262
0.007455963
0.007328262
0.00708408
0.006839552
0.006967615
0.006839552
0.006967615
0.006839552
0.006967615
0.006839552
0.006967615
0.006839552
0.006967615
0.006839552
0.006967615
0.007211962
0.00708408
0.006839552
0.006874456
0.006810402
0.006874456
0.006810402
0.006874456
0.006810402
0.006874456
0.006810402
0.006874456
0.006810402
0.006874456
0.006810402
0.006874456
0.006810402
0.006874456
0.006810402
0.006874456
0.006810402
0.006874456
0.006810402
0.006874456
0.006810402
0.006594679
0.006722923
0.006874456
0.006810402
0.006874456
0.006810402
0.006874456
0.006810402
0.006874456
0.006810402
0.006874456
0.006810402
0.006874456
0.006810402
0.006874456
0.006996739
0.006839552
0.006967615
0.006839552
0.006967615
0.006839552
0.006967615
0.006839552
0.006967615
0.006839552
0.006967615
0.006839552
0.006967615
0.006839552
0.006967615
0.006839552
0.006781248
0.006967615
0.006839552
0.006967615
0.006839552
0.006967615
0.006839552
0.006967615
0.007211962
0.00708408
0.006839552
0.006967615
0.006839552
0.006967615
0.006839552
0.006967615
0.006839552
0.006967615
0.006839552
0.006967615
0.006839552
0.006967615
0.006839552
0.006967615
0.006839552
0.006967615
0.006839552
0.006967615
0.006839552
0.006967615
0.006839552
0.006967615
0.006839552
0.006967615
0.006839552
0.006967615
0.006839552
0.006967615
0.006839552
0.006967615
0.006839552
0.006967615
0.006839552
0.006967615
0.006839552
0.006967615
0.006839552
0.006967615
0.006653047
0.006909353
0.006839552
0.006967615
0.007397866
0.007142283
0.007397866
0.007142283
0.007211962
0.007455963
0.007142283
0.007397866
0.00769962
0.007200466
0.00758357
0.007200466
0.00758357
0.007386383
0.007641605
0.007200466
0.00758357
0.007200466
0.00758357
0.007200466
0.00758357
0.007200466
0.00758357
0.007200466
0.00758357
0.007200466
0.00758357
0.007200466
0.00758357
0.007200466
0.007211962
0.00708408
0.006839552
0.006967615
0.006839552
0.006967615
0.007211962
0.00708408
0.00758357
0.007200466
0.007211962
0.00708408
0.007397866
0.007142283
0.007397866
0.00769962
0.007386383
0.007455963
0.00769962
0.007572099
0.00769962
0.007200466
0.006839552
0.006967615
0.006839552
0.006967615
0.006839552
0.006967615
0.006839552
0.006967615
0.006839552
0.006967615
0.006839552
0.006967615
0.007211962
0.00708408
0.006839552
0.006967615
0.006839552
0.006967615
0.006839552
0.006967615
0.006839552
0.006594679
0.006722923
0.006967615
0.007211962
0.00708408
0.007211962
0.00708408
0.007211962
0.00708408
0.007211962
0.00708408
0.007211962
0.00708408
0.007211962
0.00708408
0.007397866
0.00769962
0.007572099
0.00769962
0.007572099
0.00769962
0.007572099
0.00769962
0.007200466
0.00758357
0.007200466
0.00758357
0.007572099
0.007142283
0.007397866
0.007328262
0.00708408
0.00758357
0.007200466
0.007211962
0.00708408
0.007211962
0.00708408
0.007397866
0.007142283
0.00758357
0.007200466
0.007397866
0.007142283
0.006839552
0.006594679
0.006909353
0.006839552
0.006967615
0.006839552
0.006967615
0.006839552
0.006967615
0.006839552
0.006967615
0.006839552
0.006967615
0.006839552
0.006967615
0.006839552
0.006967615
0.006839552
0.006967615
0.006839552
0.006967615
0.006839552
0.006967615
0.006839552
0.006967615
0.00758357
0.007200466
0.006839552
0.006967615
0.006839552
0.006967615
0.006839552
0.006967615
0.006839552
0.006967615
0.006839552
0.006967615
0.006839552
0.006967615
0.006839552
0.006967615
0.006839552
0.006967615
0.006839552
0.006967615
0.006839552
0.006967615
0.006839552
0.006967615
0.006839552
0.006967615
0.006839552
0.006967615
0.006839552
0.006967615
0.006839552
0.006967615
0.006839552
0.006967615
0.006839552
0.006967615
0.006839552
0.006967615
0.006839552
0.006967615
0.006839552
0.006967615
0.006839552
0.006967615
0.006839552
0.006967615
0.006839552
0.006967615
0.006839552
0.006967615
0.006839552
0.006967615
0.006839552
0.006967615
0.006839552
0.006967615
0.006839552
0.006967615
0.006839552
0.006967615
0.006839552
0.006967615
0.006839552
0.006967615
0.006839552
0.006967615
0.006839552
0.006967615
0.006839552
0.006967615
0.006839552
0.006967615
0.006839552
0.006967615
0.006839552
0.006967615
0.006839552
0.006967615
0.006839552
0.006967615
0.006839552
0.006967615
0.006839552
0.006967615
0.006839552
0.006967615
0.006839552
0.006967615
0.006839552
0.006967615
0.006839552
0.006967615
0.006839552
0.006967615
0.006839552
0.006967615
0.006839552
0.006967615
0.00758357
0.008682199
0.008601712
0.010687508
0.009911685
0.008532595
0.008613114
0.008912738
0.008601712
0.007560628
0.007455963
0.007328262
0.00708408
0.006839552
0.006967615
0.006839552
0.006967615
0.006839552
0.006967615
0.006839552
0.006967615
0.006839552
0.006967615
0.006839552
0.006967615
0.006839552
0.006967615
0.006839552
0.006967615
0.006839552
0.006967615
0.006839552
0.006967615
0.006839552
0.006967615
0.006839552
0.006967615
0.006839552
0.006967615
0.006839552
0.006967615
0.006839552
0.006967615
0.007211962
0.00708408
0.006839552
0.006967615
0.006839552
0.006967615
0.006839552
0.006594679
0.006722923
0.006967615
0.007397866
0.007142283
0.007211962
0.00708408
0.006839552
0.006967615
0.007397866
0.007328262
0.00708408
0.007211962
0.00708408
0.006839552
0.006967615
0.006839552
0.006967615
0.007397866
0.00769962
0.007200466
0.006839552
0.006967615
0.007397866
0.007884998
0.008555408
0.007433004
0.007397866
0.00769962
0.007572099
0.007142283
0.006839552
0.006967615
0.006839552
0.006967615
0.006839552
0.006967615
0.006839552
0.006967615
0.008324386
0.00761867
0.007827046
0.009292034
0.009877054
0.011029127
0.010642451
0.011142846
0.009361529
0.008912738
0.009521748
0.010242908
0.010048775
0.009567791
0.00926932
0.008843746
0.008359335
0.008058739
0.00725863
0.008324386
0.007247138
0.006967615
0.006839552
0.006594679
0.006722923
0.006967615
0.006839552
0.006967615
0.006839552
0.006967615
0.006839552
0.006967615
0.006839552
0.006967615
0.006839552
0.006967615
0.006839552
0.006967615
0.006839552
0.006967615
0.006839552
0.006967615
0.006839552
0.006967615
0.006839552
0.006594679
0.006722923
0.006967615
0.006839552
0.006967615
0.006839552
0.006967615
0.006839552
0.006967615
0.008509091
0.007491089
0.008509091
0.007491089
0.008324386
0.007433004
0.007211962
0.00708408
0.006839552
0.006967615
0.006839552
0.006594679
0.006722923
0.006967615
0.007397866
0.008993078
0.028150518
0.016247398
0.0096825
0.008532595
0.008428522
0.008670802
0.00761867
0.00708408
0.006839552
0.006594679
0.006722923
0.006967615
0.006839552
0.006781248
0.006967615
0.006839552
0.006967615
0.006839552
0.006967615
0.007211962
0.00708408
0.008509091
0.007491089
0.007397866
0.007142283
0.008509091
0.007491089
0.006839552
0.006967615
0.006839552
0.006967615
0.006839552
0.006967615
0.006839552
0.006967615
0.006839552
0.006967615
0.006839552
0.006967615
0.007211962
0.008566813
0.008786118
0.008544002
0.007746156
0.00769962
0.007942931
0.009108176
0.010002863
0.009808454
0.007665228
0.008509091
0.007491089
0.008509091
0.007491089
0.006839552
0.006967615
0.006839552
0.006967615
0.007211962
0.00708408
0.007211962
0.00708408
0.007211962
0.00708408
0.007211962
0.006897838
0.006967615
0.007211962
0.00708408
0.006839552
0.006967615
0.006839552
0.006967615
0.006839552
0.006967615
0.006839552
0.006967615
0.007211962
0.00708408
0.008324386
0.007433004
0.007397866
0.007142283
0.007211962
0.00708408
0.007211962
0.008382171
0.00761867
0.007455963
0.007142283
0.007211962
0.00708408
0.007211962
0.00708408
0.007211962
0.007455963
0.007328262
0.00708408
0.007397866
0.009911003
0.011199676
0.008993765
0.007316774
0.007211962
0.00708408
0.006839552
0.006967615
0.006839552
0.006967615
0.006839552
0.006967615
0.006839552
0.006967615
0.006839552
0.006967615
0.007211962
0.008012287
0.007688157
0.007884998
0.007815591
0.007386383
0.00708408
0.007211962
0.007455963
0.00769962
0.007572099
0.007328262
0.00708408
0.007211962
0.00708408
0.007211962
0.00708408
0.007954378
0.007502566
0.00708408
0.006839552
0.006967615
0.006839552
0.006967615
0.006839552
0.006967615
0.006839552
0.006967615
0.006839552
0.006967615
0.006839552
0.006967615
0.006839552
0.006967615
0.006839552
0.006967615
0.006839552
0.006967615
0.006839552
0.006967615
0.006839552
0.006594679
0.006909353
0.006653047
0.006909353
0.007211962
0.00708408
0.006839552
0.006967615
0.006839552
0.006967615
0.006839552
0.006967615
0.006839552
0.006967615
0.006839552
0.006967615
0.006839552
0.006967615
0.006839552
0.006967615
0.006839552
0.006967615
0.006839552
0.006967615
0.006839552
0.006967615
0.006839552
0.006967615
0.006839552
0.006967615
0.006839552
0.006781248
0.006967615
0.006839552
0.006967615
0.006839552
0.006967615
0.006653047
0.006722923
0.006967615
0.006839552
0.006594679
0.006722923
0.006967615
0.006839552
0.006781248
0.006967615
0.006839552
0.006967615
0.006839552
0.006967615
0.006839552
0.006967615
0.006839552
0.006967615
0.006839552
0.006967615
0.006839552
0.006967615
0.006839552
0.006594679
0.006722923
0.006967615
0.006839552
0.006967615
0.006839552
0.006967615
0.006839552
0.006967615
0.006839552
0.006967615
0.006839552
0.006967615
0.006839552
0.006967615
0.006839552
0.006967615
0.006839552
0.006594679
0.006722923
0.006967615
0.006839552
0.006967615
0.006839552
0.006967615
0.006839552
0.006967615
0.006839552
0.006967615
0.006839552
0.006967615
0.006839552
0.006967615
0.006839552
0.006967615
0.006839552
0.006967615
0.006839552
0.006967615
0.006839552
0.006967615
0.006839552
0.006967615
0.006839552
0.006967615
0.006839552
0.006967615
0.006839552
0.006967615
0.006839552
0.006594679
0.006722923
0.006967615
0.006839552
0.006967615
0.006653047
0.006722923
0.006967615
0.006839552
0.006967615
0.006839552
0.006967615
0.006839552
0.006967615
0.006839552
0.006967615
0.006839552
0.006967615
0.006839552
0.006967615
0.007211962
0.006711395
0.007095583
0.006711395
0.006909353
0.006653047
0.007095583
0.006711395
0.007281613
0.007328262
0.00708408
0.006839552
0.006967615
0.006839552
0.006967615
0.006839552
0.006967615
0.007397866
0.007328262
0.007455963
0.007328262
0.007455963
0.007328262
0.007455963
0.007328262
0.007455963
0.007328262
0.007455963
0.007328262
0.00708408
0.006839552
0.006967615
0.006839552
0.006967615
0.006839552
0.006967615
0.006839552
0.006967615
0.006839552
0.006967615
0.006839552
0.006967615
0.006839552
0.006967615
0.006839552
0.006781248
0.006967615
0.006839552
0.006967615
0.006839552
0.006967615
0.006839552
0.006967615
0.006839552
0.006967615
0.006839552
0.006967615
0.006839552
0.006967615
0.006839552
0.006967615
0.006839552
0.006967615
0.006839552
0.006967615
0.00758357
0.007572099
0.007328262
0.00708408
0.006839552
0.006967615
0.006839552
0.006967615
0.006839552
0.006967615
0.006839552
0.006967615
0.006839552
0.006967615
0.006839552
0.006967615
0.006839552
0.006967615
0.006839552
0.006967615
0.006839552
0.006967615
0.006839552
0.006967615
0.006839552
0.006967615
0.006839552
0.006967615
0.006839552
0.006967615
0.006839552
0.006967615
0.006839552
0.006967615
0.007211962
0.00708408
0.006839552
0.006967615
0.006839552
0.006967615
0.006839552
0.006967615
0.006839552
0.006967615
0.006839552
0.006967615
0.006839552
0.006967615
0.006839552
0.006967615
0.006839552
0.006967615
0.006839552
0.006967615
0.006839552
0.006967615
0.006839552
0.006967615
0.007211962
0.00708408
0.006839552
0.006967615
0.006839552
0.006967615
0.006839552
0.006967615
0.006839552
0.006967615
0.006839552
0.006967615
0.006839552
0.006967615
0.006839552
0.006967615
0.006839552
0.006967615
0.006839552
0.006967615
0.006839552
0.006967615
0.006839552
0.006967615
0.006839552
0.006967615
0.006839552
0.006967615
0.006839552
0.006967615
0.006839552
0.006967615
0.006839552
0.006967615
0.006839552
0.006967615
0.006839552
0.006967615
0.006839552
0.006967615
0.006653047
0.006909353
0.006839552
0.006967615
0.006839552
0.006967615
0.007769074
0.007630138
0.00769962
0.007200466
0.006839552
0.006967615
0.006839552
0.006967615
0.006839552
0.006967615
0.006839552
0.006967615
0.006839552
0.006967615
0.006839552
0.006781248
0.006967615
0.006839552
0.006967615
0.006839552
0.006967615
0.00758357
0.007386383
0.00708408
0.006839552
0.006967615
0.006839552
0.006967615
0.006839552
0.006967615
0.006839552
0.006967615
0.007211962
0.00708408
0.006839552
0.006967615
0.006839552
0.006967615
0.006839552
0.006967615
0.006839552
0.006967615
0.006839552
0.006967615
0.006839552
0.006967615
0.006839552
0.006967615
0.006839552
0.006967615
0.006839552
0.006967615
0.006839552
0.006967615
0.006839552
0.006967615
0.006839552
0.006967615
0.006839552
0.006967615
0.006839552
0.006967615
0.006839552
0.006967615
0.006839552
0.006967615
0.006839552
0.006967615
0.006839552
0.006967615
0.006839552
0.006967615
0.006839552
0.006967615
0.006839552
0.006967615
0.006839552
0.006967615
0.007769074
0.010573481
0.028557602
0.015541143
0.028150518
0.015541143
0.010002863
0.009625155
0.028150518
0.018347629
0.011823535
0.011732667
0.028659194
0.015364094
0.010858405
0.012815791
0.012365685
0.011358833
0.010585431
0.009499065
0.00902789
0.008601712
0.008116613
0.007630138
0.00769962
0.007942931
0.008185899
0.007873548
0.008128048
0.008058739
0.007815591
0.007572099
0.007328262
0.007455963
0.00769962
0.007572099
0.007328262
0.00708408
0.006839552
0.006967615
0.006839552
0.006967615
0.006839552
0.006967615
0.006839552
0.006967615
0.006839552
0.006967615
0.006839552
0.006967615
0.006839552
0.006967615
0.006839552
0.006967615
0.006839552
0.006967615
0.006839552
0.006967615
0.006839552
0.006967615
0.006839552
0.006967615
0.006839552
0.006967615
0.006839552
0.006967615
0.006839552
0.006967615
0.006839552
0.006967615
0.006839552
0.006967615
0.006839552
0.006967615
0.006839552
0.006967615
0.006839552
0.006967615
0.006839552
0.006967615
0.006839552
0.006967615
0.006839552
0.006967615
0.006839552
0.006967615
0.006839552
0.006967615
0.006839552
0.006967615
0.006839552
0.006967615
0.006839552
0.006967615
0.006839552
0.006594679
0.006722923
0.006781248
0.006967615
0.006839552
0.006967615
0.006839552
0.006967615
0.006839552
0.006967615
0.006839552
0.006967615
0.006839552
0.006967615
0.006839552
0.006967615
0.006839552
0.006781248
0.006781248
0.006781248
0.006781248
0.006781248
0.006967615
0.006839552
0.006781248
0.006781248
0.006781248
0.006781248
0.006594679
0.006722923
0.006781248
0.006967615
0.006839552
0.006967615
0.006839552
0.006967615
0.006839552
0.006594679
0.006722923
0.006594679
0.006722923
0.006967615
0.006839552
0.006594679
0.006722923
0.006781248
0.006781248
0.006781248
0.006781248
0.006781248
0.006594679
0.006722923
0.006967615
0.006839552
0.006967615
0.006839552
0.006781248
