0.013
0.013
0.013
0.03
0.12
0.03
0.013
0.12
0.48
0.013
0.13
0.145
0.2
0.48
0.014
0.013
0.014
0.12
0.013
0.48
0.03
0.48
0.03
0.48
0.013
0.05
0.03
0.12
0.03
0.013
0.05
0.12
0.13
0.2
0.014
0.03
0.013
0.12
0.25
0.12
0.25
0.013
0.03
0.12
0.013
0.12
0.03
0.12
0.03
0.12
0.03
0.12
0.03
0.013
0.12
0.48
0.014
0.013
0.014
0.013
0.03
0.12
0.03
0.013
0.12
0.25
0.013
0.12
0.05
0.12
0.03
0.013
0.145
0.13
0.03
0.013
0.03
0.12
0.013
0.03
0.12
0.03
0.12
0.48
0.013
0.05
0.013
0.145
0.013
0.03
0.25
0.013
0.03
0.014
0.013
0.03
0.12
0.014
0.013
0.05
0.013
0.03
0.013
0.48
0.013
0.12
0.013
0.014
0.013
0.06
0.12
0.013
0.12
0.013
0.12
0.014
0.12
0.03
0.013
0.48
0.05
0.48
0.013
0.48
0.25
0.48
0.13
0.48
0.12
0.48
0.12
0.25
0.48
0.013
0.12
0.013
0.014
0.013
0.014
0.02
0.013
0.03
0.12
0.013
0.014
0.12
0.013
0.03
0.12
0.013
0.05
0.014
0.013
0.12
0.013
0.014
0.06
0.013
0.12
0.013
0.06
0.03
0.12
0.03
0.06
0.12
0.05
0.12
0.013
0.061
0.06
0.13
0.013
0.12
0.013
0.03
0.014
0.12
0.013
0.015
0.013
0.014
0.013
0.12
0.05
0.013
0.03
0.014
0.013
0.12
0.03
0.013
0.12
0.013
0.145
0.013
0.05
0.12
0.03
0.12
0.013
0.12
0.145
0.013
0.12
0.03
0.013
0.12
0.013
0.013
0.013
0.03
0.05
0.03
0.013
0.03
0.12
0.48
0.013
0.03
0.013
0.48
0.013
0.03
0.05
0.013
0.03
0.48
0.03
0.48
0.03
0.013
0.021
0.013
0.015
0.013
0.13
0.48
0.05
0.25
0.48
0.015
0.145
0.48
0.121
0.05
0.2
0.12
0.013
0.25
0.013
0.05
0.2
0.013
0.015
0.03
0.013
0.03
0.013
0.145
0.013
0.145
0.48
0.121
0.12
0.48
0.03
0.06
0.03
0.07
0.12
0.013
0.145
0.48
0.013
0.06
0.2
0.25
0.48
0.125
0.48
0.25
0.2
0.05
0.03
0.05
0.48
0.013
0.12
0.48
0.25
0.48
0.015
0.03
0.013
0.145
0.48
0.013
0.48
0.013
0.2
0.013
0.12
0.03
0.014
0.013
0.48
0.013
0.03
0.013
0.12
0.013
0.145
0.013
0.48
0.12
0.25
0.013
0.25
0.48
0.25
0.48
0.25
0.1
0.48
0.25
0.015
0.12
0.145
0.013
0.12
0.145
0.12
0.013
0.12
0.013
0.014
0.013
0.12
0.03
0.013
0.12
0.145
0.013
0.05
0.013
0.03
0.145
0.013
0.25
0.12
0.013
0.015
0.013
0.05
0.48
0.15
0.48
0.25
0.03
0.15
0.48
0.15
0.013
0.013
0.013
0.013
0.014
0.013
0.03
0.013
0.03
0.013
0.014
0.013
0.014
0.013
0.014
0.013
0.014
0.013
0.014
0.0156
0.0145
0.0135
0.0145
0.0174
0.0158
0.0195
0.0168
0.015
0.0246
0.0164
0.022
0.0174
0.0653
0.02
0.0264
0.2
0.036
0.03
0.2
0.12
0.0225
0.0373
0.48
0.0156
0.12
0.125
0.145
0.03
0.0176
0.145
0.0202
0.05
0.145
0.12
0.03
0.0317
0.12
0.48
0.12
0.48
0.125
0.48
0.0432
0.48
0.0612
0.48
0.2
0.48
0.25
0.48
0.12
0.0345
0.0242
0.05
0.0214
0.03
0.0181
0.03
0.12
0.48
0.125
0.0617
0.12
0.48
0.25
0.03
0.05
0.12
0.2
0.0262
0.0151
0.12
0.125
0.0145
0.019
0.016
0.0287
0.03
0.0321
0.12
0.0323
0.12
0.03
0.0476
0.0332
0.0181
0.0252
0.014
0.0174
0.014
0.05
0.12
0.145
0.12
0.125
0.145
0.0448
0.2
0.03
0.0264
0.12
0.125
0.015
0.145
0.0224
0.145
0.125
0.0154
0.0199
0.0639
0.12
0.145
0.48
0.0196
0.0167
0.03
0.125
0.0139
0.015
0.0137
0.0154
0.014
0.0155
0.0143
0.0133
0.0146
0.0136
0.0147
0.03
0.0152
0.05
0.0147
0.03
0.0147
0.12
0.48
0.0193
0.145
0.0648
0.145
0.03
0.145
0.125
0.145
0.125
0.0283
0.48
0.0451
0.145
0.48
0.03
0.12
0.0445
0.05
0.125
0.48
0.2
0.25
0.48
0.2
0.25
0.48
0.25
0.0144
0.03
0.0206
0.0455
0.145
0.12
0.2
0.0606
0.12
0.25
0.0331
0.25
0.12
0.0606
0.25
0.12
0.0262
0.03
0.12
0.03
0.12
0.145
0.03
0.05
0.03
0.05
0.0256
0.0315
0.145
0.014
0.05
0.0162
0.0318
0.0284
0.06
0.145
0.03
0.0443
0.03
0.125
0.0147
0.145
0.12
0.0161
0.145
0.014
0.03
0.05
0.0147
0.05
0.03
0.0319
0.0197
0.03
0.12
0.0647
0.0318
0.0211
0.0282
0.0237
0.0188
0.046
0.0278
0.12
0.145
0.0282
0.046
0.0172
0.12
0.125
0.0289
0.0208
0.05
0.0182
0.145
0.12
0.0163
0.0147
0.0136
0.0147
0.03
0.0153
0.0142
0.03
0.0161
0.0171
0.015
0.03
0.0283
0.0191
0.0213
0.02
0.0317
0.05
0.0463
0.12
0.125
0.145
0.125
0.12
0.145
0.0287
0.05
0.145
0.2
0.044
0.2
0.125
0.12
0.0307
0.12
0.05
0.0316
0.03
0.0284
0.05
0.0222
0.0165
0.05
0.0196
0.12
0.0156
0.0173
0.0369
0.145
0.12
0.2
0.03
0.0348
0.48
0.03
0.0165
0.125
0.0432
0.12
0.145
0.12
0.145
0.2
0.48
0.12
0.25
0.0634
0.12
0.145
0.48
0.125
0.48
0.145
0.014
0.125
0.145
0.12
0.2
0.014
0.48
0.0132
0.0158
0.014
0.12
0.05
0.03
0.0167
0.0151
0.0463
0.0257
0.0176
0.0155
0.019
0.0144
0.03
0.0646
0.05
0.0204
0.0284
0.12
0.0315
0.0153
0.0371
0.0211
0.0141
0.0258
0.0136
0.0136
0.0136
0.0149
0.0164
0.0181
0.0159
0.0181
0.03
0.12
0.2
0.03
0.48
0.25
0.48
0.03
0.12
0.064
0.0464
0.0648
0.145
0.0176
0.0227
0.0242
0.0261
0.0186
0.03
0.05
0.03
0.0241
0.0319
0.0204
0.03
0.0241
0.0226
0.48
0.125
0.48
0.12
0.48
0.12
0.48
0.0249
0.0231
0.0161
0.0215
0.48
0.0627
0.0175
0.0145
0.125
0.48
0.12
0.015
0.0137
0.0148
0.0172
0.024
0.0185
0.0259
0.0139
0.145
0.48
0.0203
0.063
0.48
0.25
0.0348
0.0142
0.0257
0.0179
0.0224
0.0238
0.0147
0.0136
0.0148
0.0138
0.0138
0.0138
0.015
0.0171
0.014
0.0167
0.0141
0.0157
0.03
0.0216
0.0201
0.03
0.0201
0.0176
0.0226
0.0298
0.0208
0.03
0.0163
0.0144
0.0133
0.0133
0.0133
0.0133
0.0133
0.0133
0.0133
0.0149
0.0139
0.015
0.0184
0.0162
0.0151
0.0139
0.0149
0.0139
0.0157
0.0145
0.0204
0.0173
0.0198
0.0155
0.0198
0.03
0.05
0.06
0.12
0.0332
0.12
0.0207
0.03
0.017
0.03
0.0178
0.0157
0.0141
0.0155
0.03
0.0472
0.12
0.0471
0.0265
0.0177
0.0247
0.0232
0.0174
0.0161
0.0147
0.0169
0.0185
0.03
0.0381
0.12
0.145
0.2
0.0243
0.48
0.0264
0.03
0.48
0.43
0.48
0.0612
0.0182
0.05
0.12
0.0251
0.03
0.0315
0.48
0.05
0.48
0.145
0.48
0.0206
0.022
0.0351
0.0153
0.0138
0.0157
0.0186
0.0173
0.0206
0.0374
0.06
0.12
0.48
0.03
0.48
0.05
0.0181
0.03
0.0172
0.03
0.0149
0.0227
0.06
0.05
0.03
0.015
0.0137
0.0151
0.0141
0.12
0.2
0.0443
0.12
0.0176
0.014
0.014
0.014
0.0155
0.0184
0.145
0.43
0.0145
0.0269
0.0295
0.12
0.0221
0.03
0.0475
0.12
0.03
0.0655
0.12
0.145
0.064
0.145
0.2
0.43
0.05
0.43
0.12
0.43
0.2
0.12
0.2
0.03
0.0149
0.0205
0.0168
0.06
0.12
0.05
0.12
0.0463
0.03
0.0199
0.0167
0.0156
0.0141
0.0226
0.0205
0.0167
0.0291
0.0654
0.12
0.0191
0.0472
0.019
0.027
0.12
0.0656
0.03
0.0269
0.0236
0.03
0.027
0.0214
0.0171
0.0147
0.0174
0.0215
0.0332
0.027
0.0169
0.0292
0.12
0.0367
0.0158
0.145
0.0341
0.145
0.03
0.2
0.0218
0.0157
0.03
0.0154
0.0173
0.0159
0.014
0.0154
0.0143
0.0164
0.0263
0.12
0.0258
0.0171
0.0217
0.0377
0.0177
0.0199
0.0175
0.0164
0.014
0.02
0.12
0.0287
0.12
0.2
0.12
0.03
0.12
0.036
0.0151
0.014
0.0172
0.03
0.12
0.0309
0.0175
0.03
0.145
0.2
0.12
0.0341
0.03
0.12
0.2
0.12
0.0363
0.2
0.12
0.2
0.12
0.2
0.12
0.2
0.12
0.03
0.0219
0.12
0.2
0.0147
0.016
0.0172
0.014
0.0183
0.0151
0.014
0.12
0.0161
0.12
0.145
0.12
0.0649
0.12
0.145
0.12
0.03
0.0149
0.0172
0.0194
0.023
0.03
0.0146
0.03
0.0208
0.12
0.0166
0.0136
0.015
0.0188
0.0468
0.0288
0.12
0.03
0.0263
0.02
0.014
0.02
0.03
0.0154
0.0184
0.0217
0.0152
0.014
0.0162
0.12
0.145
0.03
0.0644
0.12
0.03
0.12
0.0376
0.0178
0.0158
0.0139
0.0152
0.014
0.0153
0.014
0.014
0.0158
0.021
0.0254
0.046
0.06
0.0226
0.0208
0.0226
0.0176
0.0157
0.0183
0.0167
0.0196
0.0171
0.0217
0.0155
0.0144
0.0133
0.0133
0.0133
0.0133
0.0143
0.0156
0.0172
0.03
0.12
0.5
0.6
0.25
0.0606
0.0256
0.145
0.25
0.2
0.0408
0.2
0.0291
0.0606
0.12
0.2
0.06
0.03
0.12
0.018
0.12
0.0643
0.0461
0.06
0.0169
0.0157
0.0179
0.0157
0.0143
0.0133
0.0144
0.0185
0.0169
0.03
0.12
0.0183
0.0322
0.0172
0.0245
0.0176
0.03
0.12
0.0217
0.0166
0.0156
0.0145
0.0134
0.03
0.0143
0.0178
0.0162
0.06
0.0386
0.12
0.0248
0.0197
0.0173
0.03
0.0199
0.0236
0.0224
0.03
0.0189
0.0165
0.0152
0.0139
0.0157
0.0188
0.025
0.0206
0.016
0.0189
0.0161
0.12
0.0209
0.0471
0.12
0.0177
0.0147
0.0162
0.0329
0.0295
0.12
0.0222
0.03
0.0147
0.0169
0.0248
0.0159
0.0175
0.0161
0.0178
0.03
0.0381
0.0247
0.12
0.145
0.2
0.12
0.06
0.12
0.0259
0.12
0.0285
0.12
0.0649
0.2
0.0133
0.0131
0.0132
0.0133
0.0134
0.0135
0.0134
0.0135
0.0134
0.0133
0.0134
0.0133
0.0134
0.0133
0.0134
0.0133
0.0132
0.0133
0.0132
0.0131
0.0132
0.0133
0.0134
0.0133
0.0134
0.0133
0.0132
0.0133
0.0132
0.0133
0.0132
0.0133
0.0132
0.0131
0.0132
0.0131
0.0132
0.0131
0.0132
0.0131
0.0132
0.0131
0.0132
0.0131
0.0132
0.0133
0.0134
0.0135
0.0138
0.0142
0.0151
0.0136
0.0133
0.0132
0.0131
0.0132
0.0133
0.0135
0.0136
0.014
0.0151
0.03
0.04
0.0138
0.0133
0.0131
0.0132
0.0131
0.0132
0.0133
0.0132
0.0133
0.0132
0.0133
0.0132
0.0133
0.0132
0.0131
0.0132
0.0133
0.0132
0.0133
0.0132
0.0133
0.0132
0.0131
0.0131
0.0131
0.0132
0.0131
0.0132
0.0131
0.0132
0.0131
0.0132
0.0131
0.0132
0.0131
0.0132
0.0131
0.0132
0.0131
0.0132
0.0131
0.0132
0.0131
0.0132
0.0131
0.0132
0.0131
0.0132
0.0131
0.0132
0.0131
0.0132
0.0131
0.0132
0.0131
0.0132
0.0131
0.0132
0.0133
0.0132
0.0133
0.0132
0.0133
0.0134
0.0135
0.0136
0.0135
0.0134
0.0135
0.0134
0.0133
0.0134
0.0135
0.0137
0.0135
0.0136
0.0135
0.0136
0.0135
0.0136
0.0135
0.0136
0.0135
0.0136
0.0137
0.0136
0.0139
0.0141
0.0143
0.0149
0.0158
0.0155
0.0154
0.0141
0.0139
0.014
0.0137
0.0138
0.0137
0.0138
0.0137
0.0134
0.0135
0.0134
0.0133
0.0132
0.0133
0.0132
0.0133
0.0132
0.0131
0.0132
0.0131
0.0132
0.0131
0.0132
0.0131
0.0132
0.0131
0.0132
0.0131
0.0132
0.0131
0.0132
0.0131
0.0132
0.0131
0.0132
0.0131
0.0132
0.0133
0.0134
0.014
0.0134
0.0135
0.0134
0.0135
0.0136
0.0134
0.0136
0.0135
0.0133
0.0134
0.0133
0.0134
0.0133
0.0134
0.0133
0.0134
0.0133
0.0134
0.0133
0.0134
0.0135
0.0134
0.0135
0.0136
0.0137
0.0139
0.0138
0.0139
0.0138
0.0137
0.0138
0.0136
0.0135
0.0134
0.0133
0.0134
0.0133
0.0132
0.0133
0.0138
0.0137
0.0155
0.0176
0.0168
0.017
0.014
0.0139
0.0138
0.0136
0.0135
0.0136
0.0135
0.0139
0.0138
0.014
0.0141
0.0142
0.0146
0.0151
0.0166
0.04
0.015
0.0148
0.0151
0.0163
0.016
0.0141
0.014
0.0138
0.0137
0.0136
0.0135
0.0137
0.0138
0.0139
0.014
0.015
0.0141
0.0143
0.0146
0.0158
0.0143
0.0146
0.0147
0.0146
0.0156
0.014
0.0143
0.014
0.0138
0.0136
0.0135
0.0134
0.0135
0.0133
0.0132
0.0133
0.0134
0.0133
0.0132
0.0134
0.0133
0.0134
0.0133
0.0132
0.0133
0.0134
0.0133
0.0134
0.0133
0.0135
0.0136
0.0135
0.0136
0.0135
0.0134
0.0135
0.0136
0.0138
0.0139
0.0137
0.0135
0.0136
0.0137
0.0139
0.0137
0.0143
0.0147
0.0162
0.017
0.0244
0.0174
0.0151
0.0188
0.0278
0.03
0.0169
0.0181
0.0169
0.02
0.04
0.0219
0.045
0.0298
0.03
0.06
0.03
0.0183
0.014
0.0136
0.0137
0.0136
0.0135
0.0134
0.0133
0.0134
0.0133
0.0134
0.0133
0.0134
0.0135
0.0136
0.0135
0.014
0.0139
0.0146
0.0143
0.0142
0.0144
0.0145
0.0147
0.0156
0.0146
0.0145
0.0146
0.0147
0.0145
0.015
0.014
0.0183
0.0167
0.0159
0.014
0.0388
0.0298
0.06
0.0217
0.0239
0.06
0.014
0.12
0.03
0.0227
0.0146
0.0148
0.0154
0.48
0.6
0.0208
0.015
0.0169
0.0164
0.014
0.145
0.0282
0.018
0.0226
0.145
0.0647
0.0173
0.0153
0.0219
0.145
0.43
0.0137
0.0138
0.014
0.0139
0.0159
0.0147
0.0154
0.0145
0.0146
0.0137
0.0136
0.0134
0.0133
0.0134
0.0133
0.0134
0.0132
0.0131
0.0132
0.0131
0.0133
0.0134
0.0135
0.0137
0.0139
0.014
0.0144
0.0143
0.0153
0.015
0.0173
0.024
0.12
0.23
0.0328
0.03
0.0151
0.0145
0.0143
0.014
0.0138
0.0136
0.0135
0.0134
0.0135
0.0137
0.0141
0.0137
0.0136
0.0138
0.0137
0.0135
0.0136
0.0135
0.0134
0.0135
0.0136
0.0138
0.0141
0.014
0.0142
0.0145
0.0149
0.0139
0.0132
0.0131
0.0133
0.0132
0.0133
0.0134
0.0136
0.0135
0.0134
0.0136
0.0135
0.0134
0.0133
0.0135
0.0136
0.0135
0.0134
0.0135
0.0134
0.0135
0.0138
0.0146
0.0134
0.0135
0.0134
0.0136
0.0135
0.0137
0.0135
0.0136
0.0135
0.0137
0.0136
0.0138
0.0139
0.0137
0.0134
0.0136
0.0135
0.0134
0.0135
0.0136
0.0143
0.0142
0.0143
0.0148
0.0147
0.0177
0.4
0.43
0.0299
0.0266
0.03
0.0151
0.0149
0.016
0.0205
0.0167
0.014
0.12
0.0212
0.12
0.0371
0.0158
0.12
0.4
0.43
0.0159
0.0164
0.0175
0.0316
0.12
0.43
0.0612
0.0176
0.03
0.02
0.017
0.0241
0.026
0.0139
0.0134
0.0133
0.0132
0.0133
0.014
0.0132
0.014
0.0132
0.0131
0.0132
0.0131
0.0132
0.0131
0.0131
0.0131
0.0132
0.0131
0.0132
0.0135
0.0134
0.0146
0.0138
0.0137
0.014
0.0138
0.0135
0.0132
0.0131
0.0132
0.0133
0.0132
0.0131
0.0132
0.0131
0.0132
0.0131
0.0132
0.0131
0.0132
0.0131
0.0132
0.0133
0.0132
0.0133
0.0134
0.0133
0.0134
0.0135
0.0136
0.0139
0.0138
0.014
0.0145
0.0153
0.0179
0.12
0.15
0.43
0.0213
0.06
0.0646
0.2
0.06
0.0257
0.03
0.0178
0.0155
0.0164
0.0162
0.0217
0.0197
0.0259
0.0149
0.03
0.0182
0.0141
0.0147
0.0162
0.0263
0.0188
0.0289
0.0163
0.0152
0.0148
0.03
0.145
0.48
0.0176
0.06
0.145
0.25
0.43
0.48
0.43
0.0155
0.0147
0.017
0.0168
0.0166
0.0135
0.0134
0.0132
0.0131
0.0132
0.0133
0.0132
0.0131
0.0132
0.0133
0.0135
0.0134
0.0136
0.0135
0.0136
0.0137
0.015
0.0164
0.021
0.12
1
0.0215
0.021
0.016
0.0169
0.021
1
0.6
0.0159
0.0181
0.021
0.0174
0.0159
0.0138
0.0139
0.0137
0.0146
0.0141
0.0137
0.0138
0.0133
0.0134
0.0133
0.0134
0.0133
0.0134
0.0133
0.0134
0.0133
0.0132
0.0134
0.0133
0.0139
0.014
0.0138
0.0139
0.0135
0.0134
0.0135
0.0134
0.0135
0.0137
0.0135
0.0134
0.0132
0.0131
0.0132
0.0133
0.0132
0.0131
0.0132
0.0131
0.0132
0.0131
0.0132
0.0131
0.0132
0.0133
0.0134
0.0133
0.0135
0.0136
0.0134
0.0135
0.0134
0.0133
0.0134
0.0132
0.0131
0.0132
0.0131
0.0132
0.0131
0.0132
0.0133
0.0134
0.0133
0.0132
0.0133
0.0132
0.0133
0.0134
0.0133
0.0135
0.0139
0.0147
0.014
0.0178
0.0195
0.0147
0.0144
0.0146
0.0145
0.0141
0.0148
0.0145
0.0149
0.015
0.0148
0.0152
0.0143
0.014
0.0143
0.015
0.0151
0.0154
0.0148
0.0154
0.0159
0.0153
0.0155
0.021
0.0152
0.0153
0.0187
0.0171
0.0141
0.0139
0.0137
0.0135
0.0137
0.0136
0.0144
0.0146
0.0141
0.0137
0.0136
0.0138
0.0137
0.0138
0.0136
0.0135
0.0134
0.0133
0.0134
0.0135
0.0134
0.0133
0.0132
0.0131
0.0132
0.0131
0.0131
0.0131
0.0132
0.0133
0.0132
0.0133
0.0132
0.0133
0.0132
0.0133
0.0132
0.0133
0.0134
0.0133
0.0132
0.0133
0.0134
0.0135
0.0136
0.0137
0.0139
0.0135
0.0137
0.0138
0.0139
0.0143
0.0159
0.045
0.12
0.145
0.12
0.145
0.15
0.0369
0.15
0.0289
0.03
1
0.12
0.03
0.0327
0.06
0.0234
0.02
0.0164
0.021
0.0177
0.0146
0.0156
0.0159
0.0141
0.0145
0.014
0.0141
0.0144
0.0138
0.0135
0.0134
0.0133
0.0132
0.0131
0.0132
0.0131
0.0132
0.0131
0.0132
0.0131
0.0132
0.0133
0.0136
0.0137
0.0135
0.0136
0.0135
0.0132
0.0133
0.0132
0.0133
0.0132
0.0133
0.0132
0.0131
0.0132
0.0131
0.0132
0.0131
0.0132
0.0133
0.0134
0.0133
0.0134
0.0133
0.0132
0.0131
0.0132
0.0131
0.0132
0.0131
0.0132
0.0131
0.0132
0.0131
0.0132
0.0133
0.0134
0.0135
0.0134
0.0133
0.0132
0.0133
0.0132
0.0133
0.0132
0.0133
0.0132
0.0133
0.0132
0.0133
0.0134
0.0133
0.0134
0.0133
0.0134
0.0133
0.0134
0.0133
0.0135
0.0134
0.0135
0.0136
0.0135
0.0133
0.0134
0.014
0.0135
0.0132
0.0136
0.0137
0.014
0.0136
0.0135
0.0136
0.0133
0.014
0.0134
0.0135
0.014
0.0134
0.0133
0.014
0.0135
0.014
0.0136
0.0135
0.0136
0.014
0.0139
0.0138
0.018
0.014
0.0157
0.0158
0.0153
0.014
0.0171
0.0158
0.014
0.0148
0.0137
0.014
0.0143
0.014
0.0146
0.014
0.0154
0.0149
0.0154
0.0158
0.0157
0.0156
0.014
0.0143
0.0138
0.0139
0.014
0.015
0.0145
0.0174
0.0141
0.014
0.0138
0.014
0.0139
0.014
0.0142
0.014
0.0137
0.014
0.0136
0.0138
0.0135
0.014
0.0135
0.014
0.0135
0.014
0.0135
0.0134
0.0135
0.0134
0.014
0.0134
0.0135
0.014
0.0135
0.0134
0.014
0.0134
0.0135
0.0136
0.0134
0.0135
0.0138
0.014
0.0139
0.0137
0.0139
0.014
0.0154
0.0159
0.014
0.0139
0.0143
0.0145
0.014
0.0143
0.0139
0.0138
0.014
0.0136
0.0135
0.0137
0.0135
0.014
0.0135
0.0134
0.0135
0.0148
0.015
0.0138
0.015
0.0148
0.0149
0.0145
0.0147
0.0145
0.015
0.0148
0.0145
0.014
0.0139
0.014
0.0138
0.0137
0.0136
0.0138
0.0135
0.0134
0.0133
0.0132
0.0133
0.0132
0.0131
0.0132
0.0131
0.0132
0.0131
0.0132
0.0131
0.0132
0.0131
0.0132
0.0133
0.0132
0.0133
0.0132
0.0133
0.0134
0.0135
0.0134
0.0137
0.0139
0.0137
0.0136
0.0137
0.014
0.0141
0.0146
0.0147
0.0176
0.021
0.02
0.0199
0.0174
0.03
0.05
0.02
0.03
0.12
0.0143
0.0141
0.014
0.0138
0.0139
0.014
0.0141
0.0142
0.015
0.0155
0.0148
0.0146
0.015
0.0148
0.0146
0.0144
0.0143
0.0141
0.0148
0.0156
0.0161
0.0165
0.02
0.021
0.12
0.0305
0.0216
0.0233
0.021
0.0209
0.021
0.0171
0.0161
0.0175
0.0153
0.0146
0.0143
0.0141
0.014
0.0144
0.0143
0.014
0.0143
0.0146
0.0142
0.0138
0.0137
0.015
0.0176
0.0156
0.0163
0.016
0.0172
0.0154
0.0142
0.0136
0.0137
0.014
0.0135
0.0134
0.0133
0.0132
0.0131
0.0132
0.0131
0.0132
0.0131
0.0132
0.0133
0.0132
0.0131
0.0132
0.0133
0.0134
0.0135
0.0137
0.0133
0.0148
0.0153
0.0148
0.0149
0.0145
0.0144
0.0132
0.0133
0.0137
0.0136
0.0135
0.0134
0.0135
0.014
0.0155
0.021
0.03
0.0206
0.0135
0.0131
0.0132
0.0131
0.0131
0.0131
0.0132
0.0133
0.0134
0.0135
0.0133
0.0132
0.014
0.06
0.12
0.0148
0.0152
0.015
0.0155
0.0205
0.12
0.0134
0.0177
0.0182
0.018
0.021
0.0142
0.0143
0.0158
0.0132
0.014
0.0132
0.014
0.0132
0.014
0.0132
0.014
0.0132
0.0131
0.0132
0.0133
0.0132
0.0131
0.0132
0.0131
0.0132
0.0131
0.0132
0.0131
0.0132
0.0131
0.0132
0.0131
0.0132
0.014
0.0132
0.014
0.0132
0.014
0.0132
0.014
0.0132
0.014
0.0132
0.014
0.0132
0.014
0.0132
0.0135
0.0134
0.0133
0.014
0.0133
0.014
0.0141
0.014
0.0137
0.0136
0.0134
0.014
0.0134
0.0133
0.014
0.013
0.0132
0.0131
0.0132
0.0131
0.014
0.0132
0.014
0.0132
0.0133
0.0132
0.014
0.0134
0.0132
0.014
0.0133
0.0134
0.0133
0.014
0.0133
0.014
0.0135
0.014
0.0134
0.0135
0.0134
0.0133
0.0134
0.0135
0.0134
0.0136
0.014
0.0145
0.0142
0.0139
0.0137
0.0135
0.0134
0.0135
0.0134
0.0135
0.0134
0.0133
0.0132
0.0133
0.0132
0.0133
0.0134
0.0133
0.0134
0.0135
0.0133
0.0134
0.0133
0.0134
0.0133
0.0134
0.014
0.0134
0.014
0.0133
0.014
0.0133
0.0132
0.014
0.0132
0.0134
0.0136
0.0135
0.0136
0.0137
0.0138
0.014
0.0146
0.0147
0.0144
0.014
0.0144
0.0142
0.0141
0.014
0.0142
0.014
0.0141
0.014
0.0146
0.0151
0.0147
0.0153
0.0151
0.0149
0.0144
0.014
0.0138
0.0136
0.0135
0.0139
0.0138
0.014
0.0141
0.014
0.0197
0.0154
0.0157
0.0154
0.0152
0.0147
0.0175
0.0153
0.0142
0.0141
0.0143
0.0141
0.014
0.0143
0.0134
0.0133
0.0132
0.0131
0.0132
0.0131
0.014
0.0131
0.014
0.0132
0.014
0.0132
0.0133
0.0132
0.0133
0.0132
0.0133
0.014
0.0134
0.0135
0.0136
0.0138
0.0137
0.0136
0.0137
0.0134
0.0133
0.0137
0.0151
0.0148
0.0158
0.0135
0.0145
0.0151
0.014
0.0137
0.0138
0.014
0.0143
0.0146
0.0149
0.0146
0.015
0.0151
0.02
0.0181
0.021
0.0184
0.021
0.014
0.12
0.021
0.0159
0.0137
0.0136
0.0135
0.0136
0.0135
0.0134
0.0133
0.0134
0.0132
0.0133
0.0132
0.0133
0.0132
0.0133
0.0132
0.0133
0.0132
0.0133
0.0132
0.0133
0.0132
0.0133
0.0132
0.0133
0.0132
0.0133
0.0132
0.0133
0.0132
0.0133
0.0134
0.014
0.0146
0.0151
0.0149
0.0139
0.0136
0.0137
0.014
0.0169
0.0153
0.0158
0.014
0.0171
0.021
0.03
0.021
0.0155
0.0162
0.0149
0.0148
0.0147
0.0136
0.0135
0.0136
0.0139
0.014
0.0139
0.014
0.0139
0.0142
0.014
0.0141
0.0137
0.0144
0.0147
0.0148
0.0146
0.0145
0.0142
0.0138
0.0137
0.0135
0.0137
0.0138
0.0137
0.0146
0.0137
0.0136
0.0138
0.0139
0.014
0.0142
0.0141
0.0135
0.0136
0.0138
0.014
0.0142
0.0144
0.0145
0.0138
0.0137
0.0136
0.0137
0.0142
0.0143
0.0139
0.014
0.0136
0.0137
0.0138
0.0139
0.0138
0.0144
0.0145
0.0151
0.0167
0.0146
0.02
0.0155
0.0158
0.016
0.0161
0.0141
0.0195
0.02
0.0156
0.02
0.022
0.0143
0.0152
0.0151
0.015
0.0151
0.0149
0.0159
0.0157
0.015
0.0152
0.0149
0.0143
0.0146
0.0157
0.021
0.0174
0.021
0.02
0.0204
0.021
0.0146
0.0143
0.0149
0.0148
0.0153
0.0144
0.0145
0.0154
0.0184
0.0191
0.0146
0.0157
0.03
0.04
0.0306
0.04
0.05
0.021
0.0149
0.0147
0.015
0.0148
0.015
0.0148
0.015
0.0152
0.0174
0.0168
0.0139
0.014
0.0141
0.0142
0.014
0.0138
0.0136
0.0137
0.0138
0.014
0.0139
0.0138
0.0137
0.0136
0.0135
0.0138
0.0139
0.0142
0.0141
0.0135
0.0136
0.0135
0.0134
0.0135
0.0134
0.0133
0.0134
0.0133
0.0134
0.0133
0.0132
0.0133
0.0134
0.014
0.0136
0.014
0.0137
0.0135
0.0136
0.0135
0.0134
0.0133
0.0132
0.0131
0.0132
0.0131
0.0131
0.0131
0.014
0.0131
0.014
0.0131
0.0132
0.0131
0.0132
0.0131
0.0132
0.0131
0.014
0.0132
0.0133
0.0134
0.0135
0.0134
0.0133
0.0132
0.0131
0.0132
0.0131
0.0132
0.0131
0.0132
0.0131
0.0132
0.0131
0.0132
0.0131
0.0132
0.014
0.0133
0.0137
0.0132
0.0133
0.0132
0.014
0.0133
0.0132
0.0133
0.0132
0.014
0.0134
0.0135
0.0136
0.0137
0.0136
0.0134
0.0135
0.0134
0.0135
0.0136
0.0137
0.0134
0.0133
0.0134
0.0133
0.0132
0.0133
0.0134
0.0133
0.0132
0.0131
0.014
0.0131
0.0132
0.0131
0.0132
0.0131
0.014
0.0131
0.014
0.0131
0.014
0.0131
0.014
0.0131
0.014
0.0131
0.014
0.0131
0.0131
0.0131
0.014
0.0131
0.014
0.0131
0.014
0.0131
0.014
0.0131
0.014
0.0131
0.0131
0.0131
0.0131
0.0131
0.0131
0.0131
0.0081
0.0081
0.0081
0.0081
0.0081
0.0081
0.0081
0.0081
0.0081
0.0081
0.0081
0.0081
0.0081
0.0081
0.0081
0.0081
0.0081
0.0081
0.0081
0.0081
0.0081
0.0081
0.0081
0.0081
0.0081
0.0081
0.0081
0.0081
0.0081
0.0081
0.0081
0.0081
0.0081
0.0081
0.0081
0.0081
0.0081
0.0081
0.0081
0.0081
0.0081
0.0081
0.0081
0.0081
0.0081
0.0081
0.0081
0.0081
0.0081
0.0081
0.0081
0.0081
0.0081
0.0081
0.0081
0.0081
0.0081
0.0081
0.0081
0.0081
0.0081
0.0081
0.0081
0.0081
0.0081
0.0081
0.0081
0.0081
0.0081
0.0081
0.0081
0.0081
0.0081
0.0081
0.0081
0.0081
0.0081
0.0081
0.0081
0.0081
0.0081
0.0081
0.0081
0.0081
0.0081
0.0081
0.0081
0.0081
0.0081
0.0081
0.0081
0.0081
0.0081
0.0081
0.008
0.0081
0.0081
0.0081
0.0081
0.0081
0.0081
0.008
0.0081
0.008
0.0081
0.008
0.0081
0.008
0.0081
0.008
0.0081
0.008
0.0081
0.008
0.0081
0.008
0.0081
0.008
0.0081
0.008
0.0081
0.008
0.0081
0.008
0.0081
0.008
0.0081
0.008
0.0081
0.008
0.0081
0.008
0.0081
0.0081
0.0081
0.0081
0.0081
0.0081
0.008
0.0081
0.008
0.0081
0.0081
0.0081
0.0081
0.0081
0.0081
0.0081
0.0081
0.0081
0.0082
0.0081
0.0081
0.0081
0.0081
0.0081
0.0081
0.0081
0.0081
0.0081
0.0081
0.0081
0.0081
0.0081
0.0081
0.0081
0.0081
0.0081
0.0081
0.0081
0.0081
0.0081
0.0081
0.0081
0.0081
0.0081
0.0081
0.0081
0.0082
0.0081
0.0082
0.0083
0.0082
0.0081
0.0082
0.01
0.02
0.0092
0.0097
0.0093
0.0096
0.0099
0.0096
0.0092
0.0096
0.009
0.01
0.0094
0.0098
0.0109
0.0099
0.0106
0.0097
0.02
0.0109
0.0097
0.0094
0.0159
0.02
0.0108
0.02
0.0128
0.0101
0.0111
0.0103
0.0145
0.0154
0.011
0.0132
0.018
0.0141
0.0128
0.0104
0.0096
0.01
0.0165
0.02
0.0191
0.0135
0.0141
0.02
0.0159
0.02
0.0172
0.02
0.0191
0.0181
0.02
0.0191
0.02
0.0181
0.0191
0.02
0.0172
0.0181
0.0172
0.0154
0.02
0.0191
0.0092
0.0081
0.0081
0.0081
0.0082
0.0081
0.0081
0.0081
0.0081
0.0081
0.0081
0.0081
0.0081
0.0081
0.0081
0.0081
0.0081
0.0081
0.0081
0.008
0.0081
0.0081
0.0081
0.0081
0.0081
0.0081
0.0081
0.0082
0.0086
0.0091
0.0088
0.0087
0.0084
0.0083
0.0082
0.0081
0.0081
0.0081
0.0082
0.0081
0.0081
0.0081
0.0082
0.0081
0.0082
0.0081
0.0082
0.0081
0.0081
0.0081
0.00819
0.0082
0.009
0.0091
0.0099
0.01
0.0097
0.0094
0.0092
0.0091
0.0092
0.0095
0.0092
0.0093
0.0086
0.0082
0.0081
0.0081
0.0082
0.0088
0.0085
0.0084
0.0083
0.0082
0.0081
0.0082
0.0081
0.0082
0.0081
0.0082
0.0081
0.0082
0.0081
0.0082
0.0081
0.0082
0.0081
0.0082
0.0081
0.0082
0.0081
0.0082
0.0081
0.0082
0.0081
0.0082
0.009
0.0091
0.0094
0.01
0.0098
0.0096
0.0093
0.0097
0.0082
0.0081
0.0082
0.0081
0.0081
0.0082
0.0081
0.0082
0.0081
0.0082
0.0081
0.0082
0.0081
0.0082
0.0081
0.0082
0.0081
0.0082
0.0081
0.0082
0.0081
0.0082
0.0081
0.0081
0.0082
0.0081
0.0082
0.0081
0.0082
0.0081
0.0082
0.0081
0.0082
0.0081
0.0082
0.0081
0.0082
0.0081
0.0082
0.0081
0.0082
0.0081
0.0082
0.0081
0.0081
0.0082
0.0081
0.0082
0.0081
0.0082
0.0081
0.0082
0.0081
0.0082
0.0081
0.0082
0.0081
0.0082
0.0081
0.0082
0.0081
0.0082
0.0081
0.0082
0.0081
0.0082
0.0081
0.0082
0.0083
0.0082
0.0083
0.0082
0.0081
0.0081
0.0082
0.0084
0.01
0.0093
0.015
0.0094
0.0101
0.0096
0.0107
0.011
0.0111
0.0109
0.009
0.0086
0.0087
0.0086
0.0085
0.0082
0.0081
0.0081
0.0082
0.0081
0.0082
0.0081
0.0082
0.0081
0.0082
0.0081
0.0082
0.0081
0.0082
0.0081
0.0082
0.0084
0.0083
0.0082
0.0083
0.0082
0.0081
0.0082
0.0081
0.0082
0.0081
0.0082
0.0081
0.0082
0.0081
0.0082
0.0081
0.0082
0.0081
0.0082
0.0083
0.0082
0.0083
0.0082
0.0081
0.0082
0.0081
0.0082
0.0081
0.0082
0.0081
0.0082
0.0081
0.0082
0.0081
0.0082
0.0081
0.0082
0.0087
0.009
0.0086
0.0083
0.009
0.0082
0.0081
0.0082
0.0081
0.0082
0.0083
0.0084
0.009
0.0097
0.0118
0.02
0.0082
0.0159
0.0173
0.02
0.0173
0.02
0.0166
0.0116
0.0128
0.0088
0.0091
0.009
0.0092
0.009
0.0087
0.0086
0.0091
0.0086
0.0087
0.0085
0.0086
0.0084
0.0083
0.0084
0.0083
0.0084
0.0085
0.0083
0.0084
0.0081
0.0083
0.0084
0.0081
0.0082
0.0081
0.0082
0.0081
0.0082
0.0081
0.0082
0.0081
0.0082
0.0083
0.0082
0.0081
0.0082
0.0081
0.0082
0.0081
0.0082
0.0081
0.0082
0.0081
0.0082
0.0081
0.0082
0.0081
0.0082
0.0081
0.0082
0.0085
0.0094
0.02
0.0082
0.0114
0.0104
0.013
0.0083
0.02
0.0082
0.0081
0.008
0.0081
0.0082
0.0081
0.0082
0.0081
0.0082
0.0081
0.0082
0.0081
0.0082
0.0081
0.0082
0.0081
0.0082
0.0083
0.0082
0.0081
0.0082
0.0081
0.0082
0.0083
0.0084
0.0083
0.0082
0.0083
0.0082
0.0083
0.0082
0.0085
0.0084
0.0083
0.0085
0.0084
0.0083
0.0084
0.0083
0.0082
0.0081
0.0082
0.0081
0.0082
0.0081
0.0082
0.0081
0.0082
0.0081
0.0082
0.0081
0.0082
0.0081
0.0082
0.0081
0.0082
0.0081
0.0082
0.0081
0.0082
0.0081
0.0082
0.0081
0.0082
0.0081
0.0082
0.0087
0.0089
0.009
0.0093
0.0092
0.0088
0.009
0.0089
0.0087
0.0086
0.0087
0.0085
0.0084
0.0083
0.0082
0.0081
0.0082
0.0096
0.0092
0.014
0.0116
0.02
0.0124
0.0105
0.0106
0.0128
0.0133
0.0126
0.0107
0.0109
0.0114
0.0111
0.0119
0.0173
0.02
0.0128
0.0104
0.013
0.0088
0.0083
0.0081
0.0081
0.0082
0.0081
0.0082
0.0081
0.0082
0.0081
0.0082
0.0081
0.0082
0.0081
0.0082
0.0085
0.0084
0.0085
0.0082
0.0085
0.0084
0.0085
0.0084
0.0083
0.0082
0.0084
0.0082
0.0083
0.0082
0.0083
0.0082
0.0084
0.0082
0.0083
0.0084
0.0085
0.0084
0.0083
0.0085
0.0084
0.0085
0.0084
0.0083
0.0082
0.0083
0.0081
0.0082
0.0081
0.0082
0.0081
0.0082
0.0081
0.0082
0.0081
0.0082
0.0081
0.0082
0.0081
0.0082
0.0081
0.0082
0.0083
0.0085
0.0082
0.0083
0.0082
0.0083
0.0084
0.0083
0.0082
0.0081
0.0082
0.0081
0.0082
0.0081
0.0082
0.0081
0.0082
0.0083
0.0084
0.0083
0.0082
0.0083
0.0082
0.0083
0.0082
0.0084
0.0085
0.0084
0.0083
0.0084
0.0083
0.0082
0.0081
0.0082
0.0081
0.0082
0.0081
0.0082
0.0081
0.0082
0.0081
0.0082
0.0081
0.0082
0.0083
0.0082
0.0081
0.00815
0.0081
0.00815
0.0081
0.00815
0.0081
0.00815
0.0081
0.00815
0.0081
0.00815
0.0081
0.00815
0.0081
0.00815
0.0081
0.00815
0.0081
0.00815
0.0081
0.00815
0.0081
0.008
0.0081
0.00815
0.0081
0.00815
0.0081
0.00815
0.0081
0.00815
0.0081
0.00815
0.0081
0.00815
0.0081
0.00815
0.0082
0.0081
0.0082
0.0081
0.0082
0.0081
0.0082
0.0081
0.0082
0.0081
0.0082
0.0081
0.0082
0.0081
0.0082
0.0081
0.0081
0.0082
0.0081
0.0082
0.0081
0.0082
0.0081
0.0082
0.0083
0.0082
0.0081
0.0082
0.0081
0.0082
0.0081
0.0082
0.0081
0.0082
0.0081
0.0082
0.0081
0.0082
0.0081
0.0082
0.0081
0.0082
0.0081
0.0082
0.0081
0.0082
0.0081
0.0082
0.0081
0.0082
0.0081
0.0082
0.0081
0.0082
0.0081
0.0082
0.0081
0.0082
0.0081
0.0082
0.0081
0.0082
0.0081
0.0082
0.008
0.0082
0.0081
0.0082
0.0084
0.0082
0.0084
0.0082
0.0083
0.0084
0.0082
0.0084
0.0085
0.0082
0.0085
0.0082
0.0085
0.0083
0.0085
0.0082
0.0085
0.0082
0.0085
0.0082
0.0085
0.0082
0.0085
0.0082
0.0085
0.0082
0.0085
0.0082
0.0085
0.0082
0.0083
0.0082
0.0081
0.0082
0.0081
0.0082
0.0083
0.0082
0.0085
0.0082
0.0083
0.0082
0.0084
0.0082
0.0084
0.0085
0.0083
0.0084
0.0085
0.0084
0.0085
0.0082
0.0081
0.0082
0.0081
0.0082
0.0081
0.0082
0.0081
0.0082
0.0081
0.0082
0.0081
0.0082
0.0083
0.0082
0.0081
0.0082
0.0081
0.0082
0.0081
0.0082
0.0081
0.008
0.0081
0.0082
0.0083
0.0082
0.0083
0.0082
0.0083
0.0082
0.0083
0.0082
0.0083
0.0082
0.0083
0.0082
0.0084
0.0085
0.0084
0.0085
0.0084
0.0085
0.0084
0.0085
0.0082
0.0085
0.0082
0.0085
0.0084
0.0082
0.0084
0.0083
0.0082
0.0085
0.0082
0.0083
0.0082
0.0083
0.0082
0.0084
0.0082
0.0085
0.0082
0.0084
0.0082
0.0081
0.008
0.0082
0.0081
0.0082
0.0081
0.0082
0.0081
0.0082
0.0081
0.0082
0.0081
0.0082
0.0081
0.0082
0.0081
0.0082
0.0081
0.0082
0.0081
0.0082
0.0081
0.0082
0.0081
0.0082
0.0085
0.0082
0.0081
0.0082
0.0081
0.0082
0.0081
0.0082
0.0081
0.0082
0.0081
0.0082
0.0081
0.0082
0.0081
0.0082
0.0081
0.0082
0.0081
0.0082
0.0081
0.0082
0.0081
0.0082
0.0081
0.0082
0.0081
0.0082
0.0081
0.0082
0.0081
0.0082
0.0081
0.0082
0.0081
0.0082
0.0081
0.0082
0.0081
0.0082
0.0081
0.0082
0.0081
0.0082
0.0081
0.0082
0.0081
0.0082
0.0081
0.0082
0.0081
0.0082
0.0081
0.0082
0.0081
0.0082
0.0081
0.0082
0.0081
0.0082
0.0081
0.0082
0.0081
0.0082
0.0081
0.0082
0.0081
0.0082
0.0081
0.0082
0.0081
0.0082
0.0081
0.0082
0.0081
0.0082
0.0081
0.0082
0.0081
0.0082
0.0081
0.0082
0.0081
0.0082
0.0081
0.0082
0.0081
0.0082
0.0081
0.0082
0.0081
0.0082
0.0081
0.0082
0.0081
0.0082
0.0081
0.0082
0.0085
0.009
0.0088
0.01
0.0092
0.0087
0.0089
0.009
0.0088
0.0083
0.0084
0.0083
0.0082
0.0081
0.0082
0.0081
0.0082
0.0081
0.0082
0.0081
0.0082
0.0081
0.0082
0.0081
0.0082
0.0081
0.0082
0.0081
0.0082
0.0081
0.0082
0.0081
0.0082
0.0081
0.0082
0.0081
0.0082
0.0081
0.0082
0.0081
0.0082
0.0081
0.0082
0.0083
0.0082
0.0081
0.0082
0.0081
0.0082
0.0081
0.008
0.0081
0.0082
0.0084
0.0082
0.0083
0.0082
0.0081
0.0082
0.0084
0.0083
0.0082
0.0083
0.0082
0.0081
0.0082
0.0081
0.0082
0.0084
0.0085
0.0082
0.0081
0.0082
0.0084
0.0086
0.0089
0.0082
0.0084
0.0085
0.0084
0.0082
0.0081
0.0082
0.0081
0.0082
0.0081
0.0082
0.0081
0.0082
0.0089
0.0083
0.0086
0.0093
0.0094
0.01
0.0096
0.01
0.0089
0.009
0.0093
0.0096
0.0094
0.0092
0.0091
0.0089
0.0087
0.0086
0.0082
0.0089
0.0081
0.0082
0.0081
0.008
0.0081
0.0082
0.0081
0.0082
0.0081
0.0082
0.0081
0.0082
0.0081
0.0082
0.0081
0.0082
0.0081
0.0082
0.0081
0.0082
0.0081
0.0082
0.0081
0.0082
0.0081
0.008
0.0081
0.0082
0.0081
0.0082
0.0081
0.0082
0.0081
0.0082
0.009
0.0082
0.009
0.0082
0.0089
0.0082
0.0083
0.0082
0.0081
0.0082
0.0081
0.008
0.0081
0.0082
0.0084
0.0092
0.02
0.0096
0.0092
0.0087
0.0088
0.0089
0.0083
0.0082
0.0081
0.008
0.0081
0.0082
0.0081
0.0081
0.0082
0.0081
0.0082
0.0081
0.0082
0.0083
0.0082
0.009
0.0082
0.0084
0.0082
0.009
0.0082
0.0081
0.0082
0.0081
0.0082
0.0081
0.0082
0.0081
0.0082
0.0081
0.0082
0.0081
0.0082
0.0083
0.009
0.0089
0.0088
0.0084
0.0085
0.0086
0.0092
0.0095
0.0093
0.0082
0.009
0.0082
0.009
0.0082
0.0081
0.0082
0.0081
0.0082
0.0083
0.0082
0.0083
0.0082
0.0083
0.0082
0.0083
0.0081
0.0082
0.0083
0.0082
0.0081
0.0082
0.0081
0.0082
0.0081
0.0082
0.0081
0.0082
0.0083
0.0082
0.0089
0.0082
0.0084
0.0082
0.0083
0.0082
0.0083
0.0089
0.0083
0.0084
0.0082
0.0083
0.0082
0.0083
0.0082
0.0083
0.0084
0.0083
0.0082
0.0084
0.0097
0.01
0.0087
0.0082
0.0083
0.0082
0.0081
0.0082
0.0081
0.0082
0.0081
0.0082
0.0081
0.0082
0.0081
0.0082
0.0083
0.0087
0.0084
0.0086
0.0085
0.0083
0.0082
0.0083
0.0084
0.0085
0.0084
0.0083
0.0082
0.0083
0.0082
0.0083
0.0082
0.0087
0.0083
0.0082
0.0081
0.0082
0.0081
0.0082
0.0081
0.0082
0.0081
0.0082
0.0081
0.0082
0.0081
0.0082
0.0081
0.0082
0.0081
0.0082
0.0081
0.0082
0.0081
0.0082
0.0081
0.008
0.0082
0.008
0.0082
0.0083
0.0082
0.0081
0.0082
0.0081
0.0082
0.0081
0.0082
0.0081
0.0082
0.0081
0.0082
0.0081
0.0082
0.0081
0.0082
0.0081
0.0082
0.0081
0.0082
0.0081
0.0082
0.0081
0.0082
0.0081
0.0082
0.0081
0.0081
0.0082
0.0081
0.0082
0.0081
0.0082
0.008
0.0081
0.0082
0.0081
0.008
0.0081
0.0082
0.0081
0.0081
0.0082
0.0081
0.0082
0.0081
0.0082
0.0081
0.0082
0.0081
0.0082
0.0081
0.0082
0.0081
0.0082
0.0081
0.008
0.0081
0.0082
0.0081
0.0082
0.0081
0.0082
0.0081
0.0082
0.0081
0.0082
0.0081
0.0082
0.0081
0.0082
0.0081
0.0082
0.0081
0.008
0.0081
0.0082
0.0081
0.0082
0.0081
0.0082
0.0081
0.0082
0.0081
0.0082
0.0081
0.0082
0.0081
0.0082
0.0081
0.0082
0.0081
0.0082
0.0081
0.0082
0.0081
0.0082
0.0081
0.0082
0.0081
0.0082
0.0081
0.0082
0.0081
0.0082
0.0081
0.008
0.0081
0.0082
0.0081
0.0082
0.008
0.0081
0.0082
0.0081
0.0082
0.0081
0.0082
0.0081
0.0082
0.0081
0.0082
0.0081
0.0082
0.0081
0.0082
0.0083
0.008
0.0083
0.008
0.0082
0.008
0.0083
0.008
0.0084
0.0083
0.0082
0.0081
0.0082
0.0081
0.0082
0.0081
0.0082
0.0084
0.0083
0.0084
0.0083
0.0084
0.0083
0.0084
0.0083
0.0084
0.0083
0.0084
0.0083
0.0082
0.0081
0.0082
0.0081
0.0082
0.0081
0.0082
0.0081
0.0082
0.0081
0.0082
0.0081
0.0082
0.0081
0.0082
0.0081
0.0081
0.0082
0.0081
0.0082
0.0081
0.0082
0.0081
0.0082
0.0081
0.0082
0.0081
0.0082
0.0081
0.0082
0.0081
0.0082
0.0081
0.0082
0.0081
0.0082
0.0085
0.0084
0.0083
0.0082
0.0081
0.0082
0.0081
0.0082
0.0081
0.0082
0.0081
0.0082
0.0081
0.0082
0.0081
0.0082
0.0081
0.0082
0.0081
0.0082
0.0081
0.0082
0.0081
0.0082
0.0081
0.0082
0.0081
0.0082
0.0081
0.0082
0.0081
0.0082
0.0081
0.0082
0.0083
0.0082
0.0081
0.0082
0.0081
0.0082
0.0081
0.0082
0.0081
0.0082
0.0081
0.0082
0.0081
0.0082
0.0081
0.0082
0.0081
0.0082
0.0081
0.0082
0.0081
0.0082
0.0081
0.0082
0.0083
0.0082
0.0081
0.0082
0.0081
0.0082
0.0081
0.0082
0.0081
0.0082
0.0081
0.0082
0.0081
0.0082
0.0081
0.0082
0.0081
0.0082
0.0081
0.0082
0.0081
0.0082
0.0081
0.0082
0.0081
0.0082
0.0081
0.0082
0.0081
0.0082
0.0081
0.0082
0.0081
0.0082
0.0081
0.0082
0.0081
0.0082
0.0081
0.0082
0.008
0.0082
0.0081
0.0082
0.0081
0.0082
0.0086
0.0084
0.0085
0.0082
0.0081
0.0082
0.0081
0.0082
0.0081
0.0082
0.0081
0.0082
0.0081
0.0082
0.0081
0.0081
0.0082
0.0081
0.0082
0.0081
0.0082
0.0085
0.0083
0.0082
0.0081
0.0082
0.0081
0.0082
0.0081
0.0082
0.0081
0.0082
0.0083
0.0082
0.0081
0.0082
0.0081
0.0082
0.0081
0.0082
0.0081
0.0082
0.0081
0.0082
0.0081
0.0082
0.0081
0.0082
0.0081
0.0082
0.0081
0.0082
0.0081
0.0082
0.0081
0.0082
0.0081
0.0082
0.0081
0.0082
0.0081
0.0082
0.0081
0.0082
0.0081
0.0082
0.0081
0.0082
0.0081
0.0082
0.0081
0.0082
0.0081
0.0082
0.0081
0.0082
0.0081
0.0082
0.0086
0.01
0.02
0.0092
0.02
0.0092
0.0095
0.0092
0.02
0.0108
0.01
0.0102
0.02
0.0091
0.01
0.0108
0.0103
0.0099
0.0096
0.0091
0.009
0.0088
0.0086
0.0084
0.0085
0.0086
0.0087
0.0085
0.0087
0.0086
0.0085
0.0084
0.0083
0.0084
0.0085
0.0084
0.0083
0.0082
0.0081
0.0082
0.0081
0.0082
0.0081
0.0082
0.0081
0.0082
0.0081
0.0082
0.0081
0.0082
0.0081
0.0082
0.0081
0.0082
0.0081
0.0082
0.0081
0.0082
0.0081
0.0082
0.0081
0.0082
0.0081
0.0082
0.0081
0.0082
0.0081
0.0082
0.0081
0.0082
0.0081
0.0082
0.0081
0.0082
0.0081
0.0082
0.0081
0.0082
0.0081
0.0082
0.0081
0.0082
0.0081
0.0082
0.0081
0.0082
0.0081
0.0082
0.0081
0.0082
0.0081
0.0082
0.0081
0.0082
0.0081
0.008
0.0081
0.0081
0.0082
0.0081
0.0082
0.0081
0.0082
0.0081
0.0082
0.0081
0.0082
0.0081
0.0082
0.0081
0.0082
0.0081
0.0081
0.0081
0.0081
0.0081
0.0081
0.0082
0.0081
0.0081
0.0081
0.0081
0.0081
0.008
0.0081
0.0081
0.0082
0.0081
0.0082
0.0081
0.0082
0.0081
0.008
0.0081
0.008
0.0081
0.0082
0.0081
0.008
0.0081
0.0081
0.0081
0.0081
0.0081
0.0081
0.008
0.0081
0.0082
0.0081
0.0082
0.0081
0.0081
0.0081
0.0081
0.0081
0.008
0.0081
0.0082
0.0081
0.0082
0.0081