
========== OUTPUT ==========
Job ID	STATUS	Submit_Time	Start_Time	Finish Time	Expected_FT	Lateness	is_Tardy
job0	SUCCESS	0000049	0000049	000170.00	000174.00	000004.00	false	1|6	1|6
job2	SUCCESS	0000122	0000122	000242.25	000247.00	000004.75	false	1|6	1|6
job3	SUCCESS	0000197	0000197	000312.00	000322.00	000010.00	false	1|6	1|6
job4	SUCCESS	0000208	0000208	000325.00	000333.01	000008.01	false	1|6	1|6
job1	SUCCESS	0000101	0000233	000350.25	000226.00	-000124.25	true	1|6	1|6
job5	SUCCESS	0000349	0000349	000466.00	000474.00	000008.00	false	1|6	1|6
job7	SUCCESS	0000379	0000379	000498.00	000504.00	000006.00	false	1|6	1|6
job8	SUCCESS	0000463	0000463	000579.00	000588.01	000009.01	false	1|6	1|6
job9	SUCCESS	0000487	0000487	000603.00	000612.00	000009.00	false	1|6	1|6
job10	SUCCESS	0000497	0000497	000620.00	000622.00	000002.00	false	1|6	1|6
job11	SUCCESS	0000609	0000609	000723.00	000734.00	000011.00	false	1|6	1|6
job12	SUCCESS	0000666	0000666	000788.86	000791.00	000002.14	false	1|6	1|6
job13	SUCCESS	0000698	0000698	000819.86	000823.00	000003.14	false	1|6	1|6
job14	SUCCESS	0000724	0000724	000837.86	000849.00	000011.14	false	1|6	1|6
job6	SUCCESS	0000373	0000764	000881.25	000498.01	-000383.24	true	1|6	1|6
job15	SUCCESS	0000930	0000930	001051.00	001055.00	000004.00	false	1|6	1|6
job16	SUCCESS	0001112	0001112	001230.00	001237.00	000007.00	false	1|6	1|6
job20	SUCCESS	0001187	0001187	001307.00	001312.00	000005.00	false	1|6	1|6
job19	SUCCESS	0001185	0001185	001321.00	001321.12	000000.12	false	72|6	72|6
job21	SUCCESS	0001214	0001214	001337.00	001339.00	000002.00	false	1|6	1|6
job22	SUCCESS	0001234	0001234	001354.00	001359.00	000005.00	false	1|6	1|6
job25	SUCCESS	0001420	0001420	001540.00	001545.05	000005.05	false	1|6	1|6
job27	SUCCESS	0001496	0001496	001617.00	001621.00	000004.00	false	1|6	1|6
job28	SUCCESS	0001525	0001525	001641.00	001650.00	000009.00	false	1|6	1|6
job29	SUCCESS	0001665	0001665	001785.00	001790.00	000005.00	false	1|6	1|6
job30	SUCCESS	0001669	0001669	001790.00	001794.00	000004.00	false	1|6	1|6
job31	SUCCESS	0001700	0001700	001827.00	001827.43	000000.43	false	16|6	16|6
job32	SUCCESS	0001725	0001725	001840.00	001850.00	000010.00	false	1|6	1|6
job33	SUCCESS	0001746	0001746	001864.00	001871.00	000007.00	false	1|6	1|6
job34	SUCCESS	0001856	0001856	001972.00	001981.00	000009.00	false	1|6	1|6
job39	SUCCESS	0001977	0001977	002092.00	002102.00	000010.00	false	1|6	1|6
job36	SUCCESS	0001975	0001975	002094.00	002100.00	000006.00	false	1|6	1|6
job40	SUCCESS	0001981	0001981	002097.00	002106.00	000009.00	false	1|6	1|6
job35	SUCCESS	0001974	0001974	002099.00	002099.00	000000.00	false	1|6	1|6
job38	SUCCESS	0001976	0001976	002099.00	002101.00	000002.00	false	1|6	1|6
job37	SUCCESS	0001975	0001975	002100.00	002100.00	000000.00	false	1|6	1|6
job42	SUCCESS	0002228	0002228	002344.00	002353.00	000009.00	false	1|6	1|6
job43	SUCCESS	0002281	0002281	002404.00	002406.16	000002.16	false	2|6	2|6
job17	SUCCESS	0001128	0002286	002433.78	001276.92	-001156.86	true	154|6	154|6
job44	SUCCESS	0002323	0002323	002444.00	002448.00	000004.00	false	1|6	1|6
job18	SUCCESS	0001180	0002378	002492.78	001305.00	-001187.78	true	1|6	1|6
job23	SUCCESS	0001262	0002545	002663.83	001387.00	-001276.83	true	1|6	1|6
job24	SUCCESS	0001285	0002601	002722.00	001410.00	-001312.00	true	1|6	1|6
job45	SUCCESS	0002647	0002647	002762.83	002772.00	000009.17	false	1|6	1|6
job46	SUCCESS	0002684	0002684	002803.83	002809.00	000005.17	false	1|6	1|6
job48	SUCCESS	0002793	0002793	002914.83	002918.00	000003.17	false	1|6	1|6
job49	SUCCESS	0002826	0002826	002947.83	002951.00	000003.17	false	1|6	1|6
job50	SUCCESS	0002856	0002856	002970.83	002981.00	000010.17	false	1|6	1|6
job51	SUCCESS	0002863	0002863	002982.83	002988.00	000005.17	false	1|6	1|6
job52	SUCCESS	0002872	0002872	002989.83	002997.01	000007.17	false	1|6	1|6
job55	SUCCESS	0002877	0002877	002996.83	003002.00	000005.17	false	1|6	1|6
job56	SUCCESS	0002878	0002878	002996.83	003003.00	000006.17	false	1|6	1|6
job54	SUCCESS	0002877	0002877	002998.83	003002.00	000003.17	false	1|6	1|6
job53	SUCCESS	0002876	0002876	002999.83	003001.00	000001.17	false	1|6	1|6
job57	SUCCESS	0002879	0002879	003001.83	003004.00	000002.17	false	1|6	1|6
job26	SUCCESS	0001453	0002924	003039.25	001578.00	-001461.25	true	1|6	1|6
job59	SUCCESS	0002928	0002928	003041.83	003053.00	000011.17	false	1|6	1|6
job58	SUCCESS	0002924	0002924	003047.83	003049.00	000001.17	false	1|6	1|6
job60	SUCCESS	0002977	0002977	003096.83	003102.00	000005.17	false	1|6	1|6
job61	SUCCESS	0003054	0003054	003172.83	003179.00	000006.17	false	1|6	1|6
job63	SUCCESS	0003137	0003137	003259.83	003262.00	000002.17	false	1|6	1|6
job64	SUCCESS	0003171	0003171	003286.83	003296.00	000009.17	false	1|6	1|6
job66	SUCCESS	0003213	0003213	003329.83	003338.00	000008.17	false	1|6	1|6
job67	SUCCESS	0003263	0003263	003386.83	003388.00	000001.17	false	1|6	1|6
job68	SUCCESS	0003316	0003316	003439.83	003441.00	000001.17	false	1|6	1|6
job71	SUCCESS	0003418	0003418	003541.83	003543.00	000001.17	false	122|6	122|6
job72	SUCCESS	0003450	0003450	003571.83	003575.00	000003.17	false	1|6	1|6
job74	SUCCESS	0003476	0003476	003598.83	003601.00	000002.17	false	1|6	1|6
job76	SUCCESS	0003570	0003570	003685.83	003695.01	000009.17	false	1|6	1|6
job77	SUCCESS	0003571	0003571	003694.83	003696.00	000001.17	false	131|6	131|6
job78	SUCCESS	0003601	0003601	003720.83	003726.00	000005.17	false	1|6	1|6
job80	SUCCESS	0003646	0003646	003767.83	003771.00	000003.17	false	1|6	1|6
job82	SUCCESS	0003719	0003719	003838.83	003844.00	000005.17	false	1|6	1|6
job84	SUCCESS	0003759	0003759	003883.83	003886.46	000002.63	false	16|6	16|6
job85	SUCCESS	0003813	0003813	003937.83	003938.91	000001.08	false	6|6	6|6
job88	SUCCESS	0003868	0003868	003991.83	003993.00	000001.17	false	1|6	1|6
job90	SUCCESS	0003889	0003889	004008.83	004014.00	000005.17	false	1|6	1|6
job91	SUCCESS	0003904	0003904	004024.83	004029.00	000004.17	false	1|6	1|6
job92	SUCCESS	0003958	0003958	004074.83	004083.00	000008.17	false	1|6	1|6
job93	SUCCESS	0004006	0004006	004121.83	004131.00	000009.17	false	1|6	1|6
job94	SUCCESS	0004046	0004046	004159.83	004171.00	000011.17	false	1|6	1|6
job96	SUCCESS	0004139	0004139	004256.83	004264.00	000007.17	false	1|6	1|6
job99	SUCCESS	0004160	0004160	004274.83	004285.00	000010.17	false	1|6	1|6
job98	SUCCESS	0004160	0004160	004277.83	004285.00	000007.17	false	1|6	1|6
job97	SUCCESS	0004146	0004146	004281.83	004282.95	000001.11	false	77|6	77|6
job103	SUCCESS	0004191	0004191	004314.83	004316.00	000001.17	false	1|6	1|6
job104	SUCCESS	0004205	0004205	004323.83	004330.00	000006.17	false	1|6	1|6
job101	SUCCESS	0004163	0004163	004330.83	004332.22	000001.39	false	284|6	284|6
job105	SUCCESS	0004224	0004224	004344.83	004349.00	000004.17	false	1|6	1|6
job106	SUCCESS	0004247	0004247	004381.83	004382.69	000000.85	false	69|6	69|6
job107	SUCCESS	0004271	0004271	004384.83	004396.00	000011.17	false	1|6	1|6
job108	SUCCESS	0004281	0004281	004397.83	004406.00	000008.17	false	1|6	1|6
job110	SUCCESS	0004317	0004317	004434.83	004442.00	000007.17	false	1|6	1|6
job109	SUCCESS	0004309	0004309	004437.83	004438.95	000001.12	false	32|6	32|6
job111	SUCCESS	0004361	0004361	004476.83	004486.00	000009.17	false	1|6	1|6
job112	SUCCESS	0004375	0004375	004493.83	004500.00	000006.17	false	1|6	1|6
job41	SUCCESS	0002181	0004380	004496.25	002306.00	-002190.25	true	1|6	1|6
job113	SUCCESS	0004456	0004456	004578.83	004581.00	000002.17	false	1|6	1|6
job116	SUCCESS	0004504	0004504	004618.83	004629.05	000010.21	false	1|6	1|6
job117	SUCCESS	0004517	0004517	004630.83	004642.00	000011.17	false	1|6	1|6
job115	SUCCESS	0004504	0004504	004632.83	004633.62	000000.79	false	30|6	30|6
job119	SUCCESS	0004610	0004610	004724.83	004735.01	000010.18	false	1|6	1|6
job120	SUCCESS	0004632	0004632	004750.83	004757.00	000006.17	false	1|6	1|6
job122	SUCCESS	0004654	0004654	004774.83	004779.00	000004.17	false	1|6	1|6
job125	SUCCESS	0004747	0004747	004862.83	004872.00	000009.17	false	1|6	1|6
job126	SUCCESS	0004764	0004764	004881.83	004889.04	000007.21	false	1|6	1|6
job127	SUCCESS	0004766	0004766	004888.83	004891.00	000002.17	false	1|6	1|6
job128	SUCCESS	0004783	0004783	004898.83	004908.00	000009.17	false	1|6	1|6
job129	SUCCESS	0004793	0004793	004914.83	004918.01	000003.18	false	1|6	1|6
job130	SUCCESS	0004807	0004807	004924.83	004932.00	000007.17	false	1|6	1|6
job131	SUCCESS	0004831	0004831	004947.83	004956.04	000008.21	false	1|6	1|6
job132	SUCCESS	0004832	0004832	004948.83	004957.00	000008.17	false	1|6	1|6
job133	SUCCESS	0004912	0004912	005026.83	005037.00	000010.17	false	1|6	1|6
job135	SUCCESS	0004941	0004941	005064.83	005066.00	000001.17	false	1|6	1|6
job136	SUCCESS	0004990	0004990	005106.83	005115.00	000008.17	false	1|6	1|6
job137	SUCCESS	0004997	0004997	005122.83	005123.58	000000.74	false	11|6	11|6
job138	SUCCESS	0005023	0005023	005145.83	005148.00	000002.17	false	1|6	1|6
job139	SUCCESS	0005054	0005054	005170.83	005179.00	000008.17	false	1|6	1|6
job142	SUCCESS	0005062	0005062	005177.83	005187.00	000009.17	false	1|6	1|6
job140	SUCCESS	0005061	0005061	005179.83	005186.00	000006.17	false	1|6	1|6
job145	SUCCESS	0005064	0005064	005179.83	005189.00	000009.17	false	1|6	1|6
job141	SUCCESS	0005061	0005061	005183.83	005186.00	000002.17	false	1|6	1|6
job143	SUCCESS	0005062	0005062	005183.83	005187.00	000003.17	false	1|6	1|6
job146	SUCCESS	0005064	0005064	005185.83	005189.00	000003.17	false	1|6	1|6
job149	SUCCESS	0005098	0005098	005212.83	005223.00	000010.17	false	1|6	1|6
job150	SUCCESS	0005108	0005108	005224.83	005233.00	000008.17	false	1|6	1|6
job147	SUCCESS	0005066	0005066	005233.83	005235.17	000001.34	false	283|6	283|6
job152	SUCCESS	0005138	0005138	005257.83	005263.00	000005.17	false	1|6	1|6
job151	SUCCESS	0005115	0005115	005271.83	005272.68	000000.84	false	210|6	210|6
job154	SUCCESS	0005154	0005154	005277.83	005279.00	000001.17	false	1|6	1|6
job156	SUCCESS	0005162	0005162	005279.83	005287.00	000007.17	false	1|6	1|6
job155	SUCCESS	0005162	0005162	005282.83	005287.00	000004.17	false	1|6	1|6
job157	SUCCESS	0005212	0005212	005325.83	005337.00	000011.17	false	1|6	1|6
job158	SUCCESS	0005222	0005222	005338.83	005347.00	000008.17	false	1|6	1|6
job159	SUCCESS	0005222	0005222	005338.83	005347.00	000008.17	false	1|6	1|6
job161	SUCCESS	0005253	0005253	005374.83	005378.05	000003.21	false	1|6	1|6
job163	SUCCESS	0005268	0005268	005387.83	005393.02	000005.18	false	1|6	1|6
job162	SUCCESS	0005267	0005267	005388.83	005392.62	000003.79	false	4|6	4|6
job164	SUCCESS	0005290	0005290	005411.83	005415.00	000003.17	false	1|6	1|6
job165	SUCCESS	0005311	0005311	005446.83	005448.38	000001.55	false	80|6	80|6
job167	SUCCESS	0005343	0005343	005461.83	005468.00	000006.17	false	1|6	1|6
job166	SUCCESS	0005342	0005342	005465.83	005467.00	000001.17	false	1|6	1|6
job168	SUCCESS	0005362	0005362	005478.83	005487.19	000008.36	false	2|6	2|6
job169	SUCCESS	0005383	0005383	005496.83	005508.01	000011.18	false	1|6	1|6
job170	SUCCESS	0005420	0005420	005534.83	005545.00	000010.17	false	1|6	1|6
job171	SUCCESS	0005441	0005441	005559.83	005566.00	000006.17	false	1|6	1|6
job172	SUCCESS	0005483	0005483	005596.83	005608.00	000011.17	false	1|6	1|6
job174	SUCCESS	0005485	0005485	005601.83	005610.03	000008.20	false	1|6	1|6
job47	SUCCESS	0002752	0005522	005639.25	002877.00	-002762.25	true	1|6	1|6
job175	SUCCESS	0005528	0005528	005651.83	005653.00	000001.17	false	1013|6	1013|6
job176	SUCCESS	0005534	0005534	005652.83	005659.00	000006.17	false	1|6	1|6
job177	SUCCESS	0005563	0005563	005681.83	005688.00	000006.17	false	1|6	1|6
job178	SUCCESS	0005600	0005600	005716.83	005725.00	000008.17	false	1|6	1|6
job179	SUCCESS	0005631	0005631	005745.83	005756.00	000010.17	false	1|6	1|6
job180	SUCCESS	0005636	0005636	005758.83	005761.93	000003.10	false	6|6	6|6
job181	SUCCESS	0005697	0005697	005819.83	005822.03	000002.20	false	1|6	1|6
job183	SUCCESS	0005839	0005839	005958.00	005964.00	000006.00	false	1|6	1|6
job187	SUCCESS	0006004	0006004	006119.00	006129.00	000010.00	false	1|6	1|6
job188	SUCCESS	0006019	0006019	006140.00	006144.00	000004.00	false	1|6	1|6
job189	SUCCESS	0006032	0006032	006148.00	006157.00	000009.00	false	1|6	1|6
job190	SUCCESS	0006166	0006166	006282.00	006291.00	000009.00	false	1|6	1|6
job62	SUCCESS	0003092	0006205	006320.83	003217.00	-003103.83	true	1|6	1|6
job191	SUCCESS	0006270	0006270	006386.00	006395.00	000009.00	false	1|6	1|6
job192	SUCCESS	0006282	0006282	006397.00	006407.00	000010.00	false	1|6	1|6
job193	SUCCESS	0006284	0006284	006434.00	006434.93	000000.93	false	166|6	166|6
job195	SUCCESS	0006335	0006335	006454.00	006460.00	000006.00	false	1|6	1|6
job194	SUCCESS	0006287	0006287	006460.00	006460.51	000000.51	false	311|6	311|6
job65	SUCCESS	0003174	0006373	006492.00	003299.00	-003193.00	true	1|6	1|6
job196	SUCCESS	0006459	0006459	006573.00	006584.00	000011.00	false	1|6	1|6
job197	SUCCESS	0006487	0006487	006609.00	006612.00	000003.00	false	1|6	1|6
job198	SUCCESS	0006594	0006594	006718.00	006719.11	000001.11	false	1|6	1|6
job199	SUCCESS	0006633	0006633	006748.83	006758.00	000009.17	false	1|6	1|6
job200	SUCCESS	0006640	0006640	006759.83	006765.00	000005.17	false	1|6	1|6
job201	SUCCESS	0006650	0006650	006772.83	006775.00	000002.17	false	1|6	1|6
job203	SUCCESS	0006702	0006702	006816.83	006827.11	000010.28	false	1|6	1|6
job69	SUCCESS	0003352	0006725	006873.00	003500.92	-003372.08	true	154|6	154|6
job204	SUCCESS	0006815	0006815	006930.83	006940.19	000009.35	false	2|6	2|6
job205	SUCCESS	0006823	0006823	006945.83	006948.00	000002.17	false	1|6	1|6
job207	SUCCESS	0006853	0006853	006975.83	006978.00	000002.17	false	1|6	1|6
job211	SUCCESS	0006862	0006862	006978.83	006987.00	000008.17	false	1|6	1|6
job212	SUCCESS	0006862	0006862	006984.83	006987.00	000002.17	false	1|6	1|6
job206	SUCCESS	0006836	0006836	006985.83	006986.58	000000.75	false	164|6	164|6
job213	SUCCESS	0006904	0006904	007027.83	007029.00	000001.17	false	1|6	1|6
job214	SUCCESS	0006926	0006926	007043.83	007051.00	000007.17	false	1|6	1|6
job215	SUCCESS	0006931	0006931	007053.83	007056.00	000002.17	false	1|6	1|6
job216	SUCCESS	0006943	0006943	007057.83	007068.00	000010.17	false	1|6	1|6
job73	SUCCESS	0003475	0006975	007094.83	003600.00	-003494.83	true	1|6	1|6
job218	SUCCESS	0006981	0006981	007104.83	007106.00	000001.17	false	1|6	1|6
job219	SUCCESS	0006995	0006995	007118.83	007120.00	000001.17	false	1|6	1|6
job223	SUCCESS	0007032	0007032	007147.83	007157.00	000009.17	false	1|6	1|6
job224	SUCCESS	0007038	0007038	007154.83	007163.00	000008.17	false	1|6	1|6
job225	SUCCESS	0007039	0007039	007156.83	007164.00	000007.17	false	1|6	1|6
job227	SUCCESS	0007054	0007054	007170.83	007179.00	000008.17	false	1|6	1|6
job226	SUCCESS	0007054	0007054	007173.83	007179.00	000005.17	false	1|6	1|6
job228	SUCCESS	0007078	0007078	007193.83	007203.00	000009.17	false	1|6	1|6
job229	SUCCESS	0007099	0007099	007217.83	007224.05	000006.21	false	1|6	1|6
job230	SUCCESS	0007102	0007102	007219.83	007227.00	000007.17	false	1|6	1|6
job231	SUCCESS	0007132	0007132	007246.83	007257.00	000010.17	false	1|6	1|6
job232	SUCCESS	0007149	0007149	007269.83	007274.00	000004.17	false	1|6	1|6
job234	SUCCESS	0007158	0007158	007275.83	007283.00	000007.17	false	1|6	1|6
job233	SUCCESS	0007156	0007156	007275.83	007281.00	000005.17	false	1|6	1|6
job235	SUCCESS	0007166	0007166	007288.83	007291.00	000002.17	false	1|6	1|6
job238	SUCCESS	0007187	0007187	007304.83	007312.03	000007.20	false	1|6	1|6
job236	SUCCESS	0007183	0007183	007304.83	007308.00	000003.17	false	1|6	1|6
job237	SUCCESS	0007186	0007186	007305.83	007311.00	000005.17	false	1|6	1|6
job239	SUCCESS	0007208	0007208	007325.83	007333.00	000007.17	false	1|6	1|6
job240	SUCCESS	0007216	0007216	007333.83	007341.00	000007.17	false	1|6	1|6
job241	SUCCESS	0007221	0007221	007337.83	007346.00	000008.17	false	1|6	1|6
job242	SUCCESS	0007267	0007267	007387.83	007392.00	000004.17	false	1|6	1|6
job243	SUCCESS	0007284	0007284	007398.83	007409.00	000010.17	false	1|6	1|6
job244	SUCCESS	0007288	0007288	007404.83	007413.00	000008.17	false	1|6	1|6
job79	SUCCESS	0003630	0007285	007408.83	003755.00	-003653.83	true	1|6	1|6
job245	SUCCESS	0007295	0007295	007411.83	007420.00	000008.17	false	1|6	1|6
job246	SUCCESS	0007301	0007301	007424.83	007426.00	000001.17	false	1|6	1|6
job247	SUCCESS	0007310	0007310	007429.83	007435.00	000005.17	false	1|6	1|6
job248	SUCCESS	0007315	0007315	007433.83	007440.00	000006.17	false	1|6	1|6
job249	SUCCESS	0007319	0007319	007441.83	007444.00	000002.17	false	1|6	1|6
job250	SUCCESS	0007348	0007348	007469.83	007473.00	000003.17	false	1|6	1|6
job251	SUCCESS	0007362	0007362	007475.83	007487.00	000011.17	false	1|6	1|6
job253	SUCCESS	0007371	0007371	007487.83	007496.00	000008.17	false	1|6	1|6
job252	SUCCESS	0007368	0007368	007487.83	007493.00	000005.17	false	1|6	1|6
job254	SUCCESS	0007374	0007374	007495.83	007499.00	000003.17	false	1|6	1|6
job255	SUCCESS	0007384	0007384	007498.83	007509.00	000010.17	false	1|6	1|6
job81	SUCCESS	0003678	0007381	007503.83	003803.00	-003700.83	true	1|6	1|6
job256	SUCCESS	0007391	0007391	007506.83	007516.00	000009.17	false	1|6	1|6
job257	SUCCESS	0007398	0007398	007512.83	007523.00	000010.17	false	1|6	1|6
job258	SUCCESS	0007436	0007436	007549.83	007561.00	000011.17	false	1|6	1|6
job259	SUCCESS	0007442	0007442	007556.83	007567.00	000010.17	false	1|6	1|6
job260	SUCCESS	0007460	0007460	007583.83	007585.00	000001.17	false	1|6	1|6
job83	SUCCESS	0003747	0007512	007625.27	003872.00	-003753.27	true	1|6	1|6
job261	SUCCESS	0007508	0007508	007641.83	007642.99	000001.16	false	64|6	64|6
job266	SUCCESS	0007623	0007623	007737.83	007748.23	000010.39	false	2|6	2|6
job267	SUCCESS	0007624	0007624	007738.83	007749.05	000010.22	false	1|6	1|6
job263	SUCCESS	0007621	0007621	007740.83	007746.12	000005.28	false	1|6	1|6
job264	SUCCESS	0007622	0007622	007742.83	007747.04	000004.21	false	1|6	1|6
job265	SUCCESS	0007623	0007623	007752.83	007753.58	000000.75	false	36|6	36|6
job269	SUCCESS	0007663	0007663	007778.83	007788.00	000009.17	false	1|6	1|6
job262	SUCCESS	0007536	0007536	007782.83	007784.38	000001.54	false	790|6	790|6
job268	SUCCESS	0007658	0007658	007837.83	007838.74	000000.90	false	357|6	357|6
job270	SUCCESS	0007714	0007714	007839.83	007840.57	000000.74	false	11|6	11|6
job87	SUCCESS	0003860	0007751	007864.98	003985.00	-003879.98	true	1|6	1|6
job86	SUCCESS	0003860	0007751	007869.98	003985.00	-003884.98	true	1|6	1|6
job89	SUCCESS	0003873	0007767	007890.83	003998.88	-003891.96	true	6|6	6|6
job272	SUCCESS	0007771	0007771	007899.83	007901.90	000002.07	false	38|6	38|6
job273	SUCCESS	0007796	0007796	007917.83	007921.00	000003.17	false	1|6	1|6
job274	SUCCESS	0007825	0007825	007939.83	007950.03	000010.19	false	1|6	1|6
job275	SUCCESS	0007872	0007872	007996.83	007998.24	000001.40	false	8|6	8|6
job276	SUCCESS	0007879	0007879	007999.83	008004.00	000004.17	false	1|6	1|6
job271	SUCCESS	0007760	0007760	008009.83	008010.63	000000.80	false	805|6	805|6
job277	SUCCESS	0007929	0007929	008066.83	008068.21	000001.37	false	91|6	91|6
job278	SUCCESS	0008020	0008020	008144.83	008146.44	000001.61	false	10|6	10|6
job280	SUCCESS	0008035	0008035	008148.83	008160.00	000011.17	false	1|6	1|6
job279	SUCCESS	0008021	0008021	008152.83	008154.34	000001.50	false	54|6	54|6
job281	SUCCESS	0008037	0008037	008160.83	008162.00	000001.17	false	1|6	1|6
job282	SUCCESS	0008090	0008090	008210.83	008215.00	000004.17	false	1|6	1|6
job283	SUCCESS	0008093	0008093	008223.83	008225.33	000001.50	false	47|6	47|6
job284	SUCCESS	0008136	0008136	008249.25	008261.00	000011.75	false	1|6	1|6
job285	SUCCESS	0008155	0008155	008273.83	008280.03	000006.20	false	1|6	1|6
job286	SUCCESS	0008178	0008178	008292.83	008303.00	000010.17	false	1|6	1|6
job287	SUCCESS	0008179	0008179	008292.83	008304.02	000011.19	false	1|6	1|6
job288	SUCCESS	0008205	0008205	008324.83	008330.01	000005.17	false	1|6	1|6
job289	SUCCESS	0008215	0008215	008331.83	008340.00	000008.17	false	1|6	1|6
job291	SUCCESS	0008216	0008216	008335.83	008341.00	000005.17	false	1|6	1|6
job290	SUCCESS	0008216	0008216	008338.83	008341.00	000002.17	false	1|6	1|6
job292	SUCCESS	0008217	0008217	008339.83	008342.00	000002.17	false	1|6	1|6
job294	SUCCESS	0008237	0008237	008350.83	008362.02	000011.19	false	1|6	1|6
job95	SUCCESS	0004102	0008235	008357.98	004227.00	-004130.98	true	1|6	1|6
job295	SUCCESS	0008242	0008242	008362.83	008367.00	000004.17	false	1|6	1|6
job296	SUCCESS	0008261	0008261	008384.83	008386.00	000001.17	false	1|6	1|6
job293	SUCCESS	0008218	0008218	008388.83	008389.57	000000.73	false	299|6	299|6
job297	SUCCESS	0008281	0008281	008396.83	008406.00	000009.17	false	1|6	1|6
job298	SUCCESS	0008281	0008281	008396.83	008406.00	000009.17	false	1|6	1|6
job299	SUCCESS	0008286	0008286	008399.83	008411.00	000011.17	false	1|6	1|6
job300	SUCCESS	0008306	0008306	008422.83	008431.00	000008.17	false	1|6	1|6
job301	SUCCESS	0008324	0008324	008437.83	008449.00	000011.17	false	1|6	1|6
job302	SUCCESS	0008327	0008327	008444.83	008452.00	000007.17	false	1|6	1|6
job304	SUCCESS	0008346	0008346	008460.83	008471.00	000010.17	false	1|6	1|6
job303	SUCCESS	0008339	0008339	008463.83	008465.51	000001.68	false	10|6	10|6
job100	SUCCESS	0004161	0008347	008467.83	004286.00	-004181.83	true	1|6	1|6
job305	SUCCESS	0008351	0008351	008470.83	008476.00	000005.17	false	1|6	1|6
job306	SUCCESS	0008352	0008352	008470.83	008477.02	000006.19	false	1|6	1|6
job307	SUCCESS	0008358	0008358	008481.83	008484.47	000002.63	false	10|6	10|6
job308	SUCCESS	0008367	0008367	008482.83	008492.00	000009.17	false	1|6	1|6
job102	SUCCESS	0004179	0008379	008504.98	004306.49	-004198.49	true	16|6	16|6
job309	SUCCESS	0008383	0008383	008505.83	008508.00	000002.17	false	1|6	1|6
job310	SUCCESS	0008385	0008385	008507.83	008510.00	000002.17	false	1|6	1|6
job311	SUCCESS	0008405	0008405	008525.83	008530.00	000004.17	false	1|6	1|6
job312	SUCCESS	0008415	0008415	008533.83	008540.01	000006.18	false	1|6	1|6
job313	SUCCESS	0008425	0008425	008542.83	008550.00	000007.17	false	1|6	1|6
job314	SUCCESS	0008481	0008481	008601.25	008606.00	000004.75	false	1|6	1|6
job315	SUCCESS	0008515	0008515	008633.25	008640.00	000006.75	false	1|6	1|6
job316	SUCCESS	0008534	0008534	008651.25	008659.00	000007.75	false	1|6	1|6
job317	SUCCESS	0008562	0008562	008681.83	008687.10	000005.27	false	1|6	1|6
job319	SUCCESS	0008566	0008566	008688.83	008691.00	000002.17	false	1|6	1|6
job320	SUCCESS	0008571	0008571	008692.83	008696.83	000003.99	false	6|6	6|6
job321	SUCCESS	0008582	0008582	008699.83	008707.05	000007.22	false	1|6	1|6
job318	SUCCESS	0008565	0008565	008702.83	008704.47	000001.63	false	93|6	93|6
job323	SUCCESS	0008638	0008638	008752.83	008763.00	000010.17	false	1|6	1|6
job324	SUCCESS	0008640	0008640	008756.83	008765.00	000008.17	false	1|6	1|6
job322	SUCCESS	0008638	0008638	008762.83	008764.34	000001.51	false	9|6	9|6
job325	SUCCESS	0008645	0008645	008766.83	008770.06	000003.23	false	1|6	1|6
job326	SUCCESS	0008711	0008711	008829.83	008836.02	000006.19	false	1|6	1|6
job327	SUCCESS	0008740	0008740	008864.83	008866.79	000001.96	false	12|6	12|6
job328	SUCCESS	0008749	0008749	008870.83	008874.00	000003.17	false	1|6	1|6
job329	SUCCESS	0008751	0008751	008873.83	008876.06	000002.23	false	1|6	1|6
job330	SUCCESS	0008765	0008765	008881.83	008890.06	000008.22	false	1|6	1|6
job331	SUCCESS	0008806	0008806	008927.83	008931.00	000003.17	false	1|6	1|6
job332	SUCCESS	0008815	0008815	008929.83	008940.00	000010.17	false	1|6	1|6
job334	SUCCESS	0008878	0008878	008996.25	009003.01	000006.76	false	1|6	1|6
job333	SUCCESS	0008876	0008876	008999.25	009001.00	000001.75	false	1|6	1|6
job335	SUCCESS	0008886	0008886	009004.25	009011.00	000006.75	false	1|6	1|6
job336	SUCCESS	0008930	0008930	009044.83	009055.00	000010.17	false	1|6	1|6
job337	SUCCESS	0008955	0008955	009073.83	009080.04	000006.20	false	1|6	1|6
job114	SUCCESS	0004469	0008963	009085.83	004594.28	-004491.55	true	2|6	2|6
job338	SUCCESS	0008972	0008972	009086.83	009097.03	000010.20	false	1|6	1|6
job339	SUCCESS	0008995	0008995	009112.83	009120.01	000007.17	false	1|6	1|6
job340	SUCCESS	0009052	0009052	009176.83	009178.17	000001.34	false	8|6	8|6
job342	SUCCESS	0009079	0009079	009199.83	009204.00	000004.17	false	1|6	1|6
job343	SUCCESS	0009084	0009084	009202.83	009209.00	000006.17	false	1|6	1|6
job341	SUCCESS	0009075	0009075	009203.83	009204.78	000000.94	false	31|6	31|6
job344	SUCCESS	0009115	0009115	009235.83	009240.00	000004.17	false	1|6	1|6
job345	SUCCESS	0009137	0009137	009258.83	009262.27	000003.43	false	2|6	2|6
job346	SUCCESS	0009151	0009151	009267.83	009276.00	000008.17	false	1|6	1|6
job118	SUCCESS	0004576	0009183	009301.98	004701.00	-004600.98	true	1|6	1|6
job347	SUCCESS	0009212	0009212	009331.83	009337.00	000005.17	false	1|6	1|6
job348	SUCCESS	0009259	0009259	009375.25	009384.00	000008.75	false	1|6	1|6
job121	SUCCESS	0004644	0009309	009431.25	004769.28	-004661.96	true	2|6	2|6
job349	SUCCESS	0009318	0009318	009439.83	009443.13	000003.30	false	1|6	1|6
job350	SUCCESS	0009333	0009333	009450.28	009458.17	000007.89	false	2|6	2|6
job351	SUCCESS	0009361	0009361	009482.83	009486.00	000003.17	false	1|6	1|6
job123	SUCCESS	0004680	0009378	009500.25	004805.00	-004695.25	true	1|6	1|6
job353	SUCCESS	0009459	0009459	009573.83	009584.17	000010.34	false	2|6	2|6
job124	SUCCESS	0004711	0009448	009577.98	004842.39	-004735.59	true	41|6	41|6
job352	SUCCESS	0009458	0009458	009582.83	009583.95	000001.11	false	7|6	7|6
job354	SUCCESS	0009535	0009535	009657.83	009660.00	000002.17	false	1|6	1|6
job355	SUCCESS	0009574	0009574	009696.83	009699.17	000002.33	false	2|6	2|6
job356	SUCCESS	0009602	0009602	009715.83	009727.00	000011.17	false	1|6	1|6
job357	SUCCESS	0009609	0009609	009730.83	009734.00	000003.17	false	1|6	1|6
job358	SUCCESS	0009672	0009672	009792.25	009797.00	000004.75	false	1|6	1|6
job359	SUCCESS	0009682	0009682	009802.83	009807.00	000004.17	false	1|6	1|6
job360	SUCCESS	0009686	0009686	009807.83	009811.00	000003.17	false	1|6	1|6
job361	SUCCESS	0009693	0009693	009815.83	009819.49	000003.66	false	10|6	10|6
job363	SUCCESS	0009703	0009703	009820.83	009828.00	000007.17	false	1|6	1|6
job362	SUCCESS	0009694	0009694	009830.83	009832.04	000001.20	false	84|6	84|6
job364	SUCCESS	0009730	0009730	009847.83	009855.00	000007.17	false	1|6	1|6
job365	SUCCESS	0009737	0009737	009857.83	009862.00	000004.17	false	1|6	1|6
job366	SUCCESS	0009746	0009746	009868.83	009871.00	000002.17	false	1|6	1|6
job367	SUCCESS	0009796	0009796	009923.41	009925.17	000001.77	false	27|6	27|6
job368	SUCCESS	0009841	0009841	009960.41	009966.10	000005.69	false	1|6	1|6
job134	SUCCESS	0004927	0009885	010009.98	005052.64	-004957.34	true	5|6	5|6
job370	SUCCESS	0009970	0009970	010083.41	010095.00	000011.59	false	1|6	1|6
job369	SUCCESS	0009966	0009966	010091.41	010093.75	000002.34	false	18|6	18|6
job371	SUCCESS	0009977	0009977	010093.41	010102.00	000008.59	false	1|6	1|6
job372	SUCCESS	0010001	0010001	010124.41	010126.72	000002.31	false	5|6	5|6
job378	SUCCESS	0010019	0010019	010132.41	010144.00	000011.59	false	1|6	1|6
job373	SUCCESS	0010016	0010016	010132.41	010141.00	000008.59	false	1|6	1|6
job380	SUCCESS	0010020	0010020	010134.41	010145.00	000010.59	false	1|6	1|6
job376	SUCCESS	0010018	0010018	010136.41	010143.00	000006.59	false	1|6	1|6
job374	SUCCESS	0010016	0010016	010136.41	010141.00	000004.59	false	1|6	1|6
job377	SUCCESS	0010018	0010018	010137.41	010143.00	000005.59	false	1|6	1|6
job375	SUCCESS	0010017	0010017	010140.41	010142.00	000001.59	false	1|6	1|6
job379	SUCCESS	0010019	0010019	010140.41	010144.00	000003.59	false	1|6	1|6
job381	SUCCESS	0010048	0010048	010169.41	010173.00	000003.59	false	1|6	1|6
job382	SUCCESS	0010067	0010067	010183.25	010192.00	000008.75	false	1|6	1|6
job384	SUCCESS	0010075	0010075	010189.41	010200.00	000010.59	false	1|6	1|6
job383	SUCCESS	0010072	0010072	010191.41	010197.00	000005.59	false	1|6	1|6
job385	SUCCESS	0010079	0010079	010198.41	010204.00	000005.59	false	1|6	1|6
job386	SUCCESS	0010082	0010082	010201.41	010207.00	000005.59	false	1|6	1|6
job388	SUCCESS	0010096	0010096	010209.41	010221.00	000011.59	false	1|6	1|6
job387	SUCCESS	0010089	0010089	010216.41	010218.17	000001.77	false	27|6	27|6
job144	SUCCESS	0005063	0010147	010264.25	005188.00	-005076.25	true	1|6	1|6
job389	SUCCESS	0010159	0010159	010276.41	010284.00	000007.59	false	1|6	1|6
job148	SUCCESS	0005070	0010171	010289.69	005195.00	-005094.69	true	1|6	1|6
job390	SUCCESS	0010190	0010190	010308.25	010315.00	000006.75	false	1|6	1|6
job391	SUCCESS	0010202	0010202	010317.41	010327.00	000009.59	false	1|6	1|6
job392	SUCCESS	0010203	0010203	010320.41	010328.00	000007.59	false	1|6	1|6
job393	SUCCESS	0010217	0010217	010332.25	010342.00	000009.75	false	1|6	1|6
job70	SUCCESS	0003392	0010215	010335.98	003517.00	-006818.98	true	1|6	1|6
job395	SUCCESS	0010233	0010233	010347.41	010358.00	000010.59	false	1|6	1|6
job394	SUCCESS	0010220	0010220	010356.41	010357.67	000001.26	false	82|6	82|6
job396	SUCCESS	0010252	0010252	010374.41	010377.00	000002.59	false	1|6	1|6
job397	SUCCESS	0010269	0010269	010386.41	010394.00	000007.59	false	1|6	1|6
job398	SUCCESS	0010288	0010288	010401.41	010413.00	000011.59	false	1|6	1|6
job399	SUCCESS	0010299	0010299	010422.41	010424.44	000002.03	false	3|6	3|6
job401	SUCCESS	0010310	0010310	010424.41	010435.00	000010.59	false	1|6	1|6
job400	SUCCESS	0010308	0010308	010425.41	010433.00	000007.59	false	1|6	1|6
job153	SUCCESS	0005148	0010314	010432.25	005273.00	-005159.25	true	1|6	1|6
job402	SUCCESS	0010320	0010320	010434.41	010445.11	000010.70	false	1|6	1|6
job403	SUCCESS	0010327	0010327	010441.41	010452.00	000010.59	false	1|6	1|6
job404	SUCCESS	0010333	0010333	010456.41	010458.00	000001.59	false	1|6	1|6
job406	SUCCESS	0010347	0010347	010462.41	010472.00	000009.59	false	1|6	1|6
job407	SUCCESS	0010352	0010352	010468.41	010477.00	000008.59	false	1|6	1|6
job405	SUCCESS	0010340	0010340	010477.41	010478.99	000001.58	false	90|6	90|6
job408	SUCCESS	0010379	0010379	010506.41	010508.17	000001.77	false	27|6	27|6
job409	SUCCESS	0010392	0010392	010511.41	010517.00	000005.59	false	1|6	1|6
job410	SUCCESS	0010399	0010399	010521.41	010524.00	000002.59	false	1|6	1|6
job411	SUCCESS	0010420	0010420	010540.41	010545.00	000004.59	false	1|6	1|6
job412	SUCCESS	0010456	0010456	010579.41	010581.00	000001.59	false	1|6	1|6
job413	SUCCESS	0010470	0010470	010593.41	010595.00	000001.59	false	1|6	1|6
job414	SUCCESS	0010480	0010480	010600.41	010605.00	000004.59	false	1|6	1|6
job160	SUCCESS	0005239	0010499	010615.00	005364.00	-005251.00	true	1|6	1|6
job415	SUCCESS	0010524	0010524	010645.25	010649.00	000003.75	false	1|6	1|6
job416	SUCCESS	0010543	0010543	010660.25	010668.00	000007.75	false	1|6	1|6
job417	SUCCESS	0010558	0010558	010679.25	010683.00	000003.75	false	1|6	1|6
job418	SUCCESS	0010571	0010571	010692.25	010696.00	000003.75	false	1|6	1|6
job419	SUCCESS	0010578	0010578	010700.25	010703.00	000002.75	false	1|6	1|6
job420	SUCCESS	0010588	0010588	010706.25	010713.00	000006.75	false	1|6	1|6
job421	SUCCESS	0010595	0010595	010718.25	010720.00	000001.75	false	1|6	1|6
job75	SUCCESS	0003520	0010609	010724.41	003645.00	-007079.41	true	1|6	1|6
job422	SUCCESS	0010604	0010604	010727.25	010729.00	000001.75	false	1|6	1|6
job423	SUCCESS	0010618	0010618	010737.25	010743.00	000005.75	false	1|6	1|6
job424	SUCCESS	0010634	0010634	010755.25	010759.00	000003.75	false	1|6	1|6
job425	SUCCESS	0010659	0010659	010782.25	010784.00	000001.75	false	1|6	1|6
job426	SUCCESS	0010678	0010678	010805.25	010807.17	000001.93	false	27|6	27|6
job427	SUCCESS	0010688	0010688	010808.11	010813.00	000004.89	false	1|6	1|6
job428	SUCCESS	0010690	0010690	010809.25	010815.00	000005.75	false	1|6	1|6
job429	SUCCESS	0010707	0010707	010823.11	010832.00	000008.89	false	1|6	1|6
job431	SUCCESS	0010725	0010725	010842.25	010850.00	000007.75	false	1|6	1|6
job430	SUCCESS	0010719	0010719	010847.25	010849.48	000002.23	false	36|6	36|6
job432	SUCCESS	0010739	0010739	010854.25	010864.00	000009.75	false	1|6	1|6
job433	SUCCESS	0010754	0010754	010870.25	010879.00	000008.75	false	1|6	1|6
job434	SUCCESS	0010759	0010759	010874.25	010884.00	000009.75	false	1|6	1|6
job435	SUCCESS	0010774	0010774	010892.25	010899.00	000006.75	false	1|6	1|6
job436	SUCCESS	0010779	0010779	010894.25	010904.00	000009.75	false	1|6	1|6
job437	SUCCESS	0010787	0010787	010910.25	010912.00	000001.75	false	1|6	1|6
job438	SUCCESS	0010800	0010800	010921.25	010925.00	000003.75	false	1|6	1|6
job439	SUCCESS	0010809	0010809	010925.11	010934.00	000008.89	false	1|6	1|6
job441	SUCCESS	0010833	0010833	010956.25	010958.00	000001.75	false	1|6	1|6
job443	SUCCESS	0010857	0010857	010971.25	010982.00	000010.75	false	1|6	1|6
job444	SUCCESS	0010863	0010863	010978.25	010988.00	000009.75	false	1|6	1|6
job445	SUCCESS	0010869	0010869	010982.25	010994.00	000011.75	false	1|6	1|6
job446	SUCCESS	0010885	0010885	011002.25	011010.00	000007.75	false	1|6	1|6
job447	SUCCESS	0010885	0010885	011004.25	011010.00	000005.75	false	1|6	1|6
job448	SUCCESS	0010904	0010904	011018.25	011029.00	000010.75	false	1|6	1|6
job449	SUCCESS	0010911	0010911	011030.11	011036.00	000005.89	false	1|6	1|6
job450	SUCCESS	0010919	0010919	011042.25	011044.00	000001.75	false	1|6	1|6
job452	SUCCESS	0010923	0010923	011043.25	011048.00	000004.75	false	1|6	1|6
job453	SUCCESS	0010930	0010930	011045.25	011055.00	000009.75	false	1|6	1|6
job454	SUCCESS	0010942	0010942	011055.25	011067.00	000011.75	false	1|6	1|6
job173	SUCCESS	0005484	0010986	011101.11	005609.00	-005492.11	true	1|6	1|6
job456	SUCCESS	0010989	0010989	011107.25	011114.00	000006.75	false	1|6	1|6
job457	SUCCESS	0010996	0010996	011110.25	011121.00	000010.75	false	1|6	1|6
job458	SUCCESS	0011006	0011006	011123.25	011131.00	000007.75	false	1|6	1|6
job459	SUCCESS	0011013	0011013	011126.25	011138.00	000011.75	false	1|6	1|6
job460	SUCCESS	0011081	0011081	011203.25	011206.00	000002.75	false	1|6	1|6
job462	SUCCESS	0011346	0011346	011467.00	011471.00	000004.00	false	1|6	1|6
job463	SUCCESS	0011400	0011400	011520.00	011525.00	000005.00	false	1|6	1|6
job465	SUCCESS	0011517	0011517	011632.00	011642.00	000010.00	false	1|6	1|6
job182	SUCCESS	0005745	0011521	011636.25	005870.00	-005766.25	true	1|6	1|6
job466	SUCCESS	0011519	0011519	011639.00	011644.00	000005.00	false	1|6	1|6
job467	SUCCESS	0011536	0011536	011655.00	011661.00	000006.00	false	1|6	1|6
job468	SUCCESS	0011607	0011607	011726.00	011732.00	000006.00	false	1|6	1|6
job469	SUCCESS	0011659	0011659	011774.00	011784.00	000010.00	false	1|6	1|6
job470	SUCCESS	0011672	0011672	011790.00	011797.00	000007.00	false	1|6	1|6
job471	SUCCESS	0011724	0011724	011844.00	011849.00	000005.00	false	1|6	1|6
job464	SUCCESS	0011424	0011424	011850.00	011850.83	000000.83	false	1932|6	1932|6
job472	SUCCESS	0011753	0011753	011874.83	011878.00	000003.17	false	1|6	1|6
job473	SUCCESS	0011763	0011763	011876.83	011888.00	000011.17	false	1|6	1|6
job475	SUCCESS	0011815	0011815	011934.83	011940.00	000005.17	false	1|6	1|6
job474	SUCCESS	0011814	0011814	011937.83	011939.00	000001.17	false	1|6	1|6
job476	SUCCESS	0011822	0011822	011943.83	011947.75	000003.92	false	5|6	5|6
job478	SUCCESS	0011832	0011832	011950.83	011957.00	000006.17	false	1|6	1|6
job184	SUCCESS	0005926	0011873	011990.25	006051.00	-005939.25	true	1|6	1|6
job186	SUCCESS	0005960	0011938	012052.25	006085.00	-005967.25	true	1|6	1|6
job479	SUCCESS	0011965	0011965	012080.83	012090.00	000009.17	false	1|6	1|6
job483	SUCCESS	0012200	0012200	012315.00	012325.00	000010.00	false	1|6	1|6
job484	SUCCESS	0012222	0012222	012337.00	012347.00	000010.00	false	1|6	1|6
job485	SUCCESS	0012237	0012237	012359.00	012362.00	000003.00	false	1|6	1|6
job486	SUCCESS	0012243	0012243	012362.00	012368.00	000006.00	false	1|6	1|6
job487	SUCCESS	0012261	0012261	012377.00	012386.00	000009.00	false	1|6	1|6
job489	SUCCESS	0012310	0012310	012426.00	012435.00	000009.00	false	1|6	1|6
job490	SUCCESS	0012364	0012364	012484.00	012489.00	000005.00	false	1|6	1|6
job492	SUCCESS	0012393	0012393	012511.00	012518.00	000007.00	false	1|6	1|6
job493	SUCCESS	0012400	0012400	012519.00	012525.00	000006.00	false	1|6	1|6
job497	SUCCESS	0012414	0012414	012529.00	012539.00	000010.00	false	1|6	1|6
job495	SUCCESS	0012412	0012412	012533.00	012537.00	000004.00	false	1|6	1|6
job496	SUCCESS	0012413	0012413	012534.00	012538.00	000004.00	false	1|6	1|6
job498	SUCCESS	0012432	0012432	012550.00	012557.00	000007.00	false	1|6	1|6
job499	SUCCESS	0012449	0012449	012567.00	012574.00	000007.00	false	1|6	1|6
job500	SUCCESS	0012484	0012484	012609.00	012609.00	000000.00	false	1|6	1|6
job503	SUCCESS	0012569	0012569	012684.00	012694.00	000010.00	false	1|6	1|6
job506	SUCCESS	0012603	0012603	012719.00	012728.00	000009.00	false	1|6	1|6
job507	SUCCESS	0012608	0012608	012724.00	012733.00	000009.00	false	1|6	1|6
job508	SUCCESS	0012626	0012626	012748.00	012751.00	000003.00	false	1|6	1|6
job509	SUCCESS	0012635	0012635	012759.00	012760.00	000001.00	false	1|6	1|6
job510	SUCCESS	0012660	0012660	012778.00	012785.00	000007.00	false	1|6	1|6
job511	SUCCESS	0012679	0012679	012797.00	012804.00	000007.00	false	1|6	1|6
job515	SUCCESS	0012713	0012713	012829.00	012838.00	000009.00	false	1|6	1|6
job513	SUCCESS	0012706	0012706	012831.00	012831.26	000000.26	false	2|6	2|6
job514	SUCCESS	0012711	0012711	012831.00	012836.00	000005.00	false	1|6	1|6
job516	SUCCESS	0012725	0012725	012847.00	012850.00	000003.00	false	1|6	1|6
job517	SUCCESS	0012748	0012748	012871.00	012873.00	000002.00	false	1|6	1|6
job519	SUCCESS	0012782	0012782	012907.00	012907.00	000000.00	false	1|6	1|6
job521	SUCCESS	0012814	0012814	012931.00	012939.00	000008.00	false	1|6	1|6
job522	SUCCESS	0012829	0012829	012951.00	012954.00	000003.00	false	1|6	1|6
job523	SUCCESS	0012833	0012833	012958.00	012958.00	000000.00	false	1|6	1|6
job518	SUCCESS	0012771	0012771	012979.00	012978.73	-000000.27	true	530|6	530|6
job526	SUCCESS	0012867	0012867	012986.00	012992.00	000006.00	false	1|6	1|6
job527	SUCCESS	0012907	0012907	013024.00	013032.00	000008.00	false	1|6	1|6
job529	SUCCESS	0012948	0012948	013068.00	013073.00	000005.00	false	1|6	1|6
job530	SUCCESS	0012961	0012961	013081.00	013086.00	000005.00	false	1|6	1|6
job531	SUCCESS	0012984	0012984	013100.00	013109.00	000009.00	false	1|6	1|6
job534	SUCCESS	0013012	0013012	013128.00	013137.00	000009.00	false	1|6	1|6
job533	SUCCESS	0013011	0013011	013130.00	013136.00	000006.00	false	1|6	1|6
job532	SUCCESS	0013009	0013009	013145.00	013145.44	000000.44	false	74|6	74|6
job536	SUCCESS	0013082	0013082	013206.00	013207.00	000001.00	false	1|6	1|6
job537	SUCCESS	0013110	0013110	013233.00	013235.00	000002.00	false	1|6	1|6
job538	SUCCESS	0013119	0013119	013236.00	013244.00	000008.00	false	1|6	1|6
job542	SUCCESS	0013242	0013242	013363.00	013367.00	000004.00	false	1|6	1|6
job543	SUCCESS	0013250	0013250	013368.00	013375.00	000007.00	false	1|6	1|6
job544	SUCCESS	0013257	0013257	013377.00	013382.00	000005.00	false	1|6	1|6
job545	SUCCESS	0013272	0013272	013387.00	013397.00	000010.00	false	1|6	1|6
job547	SUCCESS	0013287	0013287	013407.00	013412.00	000005.00	false	1|6	1|6
job548	SUCCESS	0013292	0013292	013413.00	013417.00	000004.00	false	1|6	1|6
job549	SUCCESS	0013301	0013301	013425.00	013426.00	000001.00	false	1|6	1|6
job550	SUCCESS	0013310	0013310	013425.00	013435.00	000010.00	false	1|6	1|6
job551	SUCCESS	0013312	0013312	013428.00	013437.00	000009.00	false	1|6	1|6
job553	SUCCESS	0013314	0013314	013432.00	013439.00	000007.00	false	1|6	1|6
job554	SUCCESS	0013341	0013341	013464.00	013466.00	000002.00	false	1|6	1|6
job555	SUCCESS	0013357	0013357	013480.00	013482.00	000002.00	false	1|6	1|6
job552	SUCCESS	0013312	0013312	013484.00	013483.57	-000000.43	true	299|6	299|6
job202	SUCCESS	0006673	0013371	013495.00	006798.00	-006697.00	true	1|6	1|6
job556	SUCCESS	0013375	0013375	013496.00	013500.00	000004.00	false	1|6	1|6
job558	SUCCESS	0013433	0013433	013548.00	013558.00	000010.00	false	1|6	1|6
job559	SUCCESS	0013444	0013444	013560.00	013569.00	000009.00	false	1|6	1|6
job560	SUCCESS	0013449	0013449	013571.00	013574.00	000003.00	false	1|6	1|6
job561	SUCCESS	0013460	0013460	013581.00	013585.00	000004.00	false	1|6	1|6
job562	SUCCESS	0013469	0013469	013585.00	013594.00	000009.00	false	1|6	1|6
job563	SUCCESS	0013487	0013487	013608.00	013612.00	000004.00	false	1|6	1|6
job564	SUCCESS	0013497	0013497	013617.00	013622.00	000005.00	false	1|6	1|6
job566	SUCCESS	0013603	0013603	013725.87	013728.00	000002.13	false	1|6	1|6
job569	SUCCESS	0013629	0013629	013745.00	013754.00	000009.00	false	1|6	1|6
job570	SUCCESS	0013666	0013666	013782.83	013791.00	000008.17	false	1|6	1|6
job568	SUCCESS	0013622	0013622	013802.00	013803.24	000001.24	false	360|6	360|6
job571	SUCCESS	0013689	0013689	013803.83	013814.01	000010.18	false	1|6	1|6
job573	SUCCESS	0013692	0013692	013810.83	013817.00	000006.17	false	1|6	1|6
job572	SUCCESS	0013692	0013692	013821.83	013822.54	000000.71	false	36|6	36|6
job574	SUCCESS	0013701	0013701	013822.83	013826.27	000003.43	false	2|6	2|6
job575	SUCCESS	0013718	0013718	013833.83	013843.00	000009.17	false	1|6	1|6
job576	SUCCESS	0013722	0013722	013837.83	013847.00	000009.17	false	1|6	1|6
job567	SUCCESS	0013616	0013616	013840.25	013841.24	000000.99	false	642|6	642|6
job208	SUCCESS	0006854	0013726	013842.25	006979.06	-006863.19	true	1|6	1|6
job209	SUCCESS	0006861	0013743	013862.25	006986.00	-006876.25	true	1|6	1|6
job210	SUCCESS	0006861	0013753	013875.00	006986.00	-006889.00	true	1|6	1|6
job580	SUCCESS	0013774	0013774	013893.83	013899.00	000005.17	false	1|6	1|6
job581	SUCCESS	0013784	0013784	013903.83	013909.00	000005.17	false	1|6	1|6
job582	SUCCESS	0013793	0013793	013913.83	013918.00	000004.17	false	1|6	1|6
job583	SUCCESS	0013801	0013801	013915.83	013926.00	000010.17	false	1|6	1|6
job585	SUCCESS	0013803	0013803	013921.83	013928.00	000006.17	false	1|6	1|6
job588	SUCCESS	0013822	0013822	013941.83	013947.00	000005.17	false	1|6	1|6
job589	SUCCESS	0013841	0013841	013960.83	013966.00	000005.17	false	1|6	1|6
job590	SUCCESS	0013842	0013842	013964.83	013967.00	000002.17	false	1|6	1|6
job591	SUCCESS	0013849	0013849	013965.83	013974.00	000008.17	false	1|6	1|6
job593	SUCCESS	0013861	0013861	013984.83	013986.00	000001.17	false	1|6	1|6
job594	SUCCESS	0013866	0013866	013986.83	013991.00	000004.17	false	1|6	1|6
job595	SUCCESS	0013871	0013871	013991.83	013996.00	000004.17	false	1|6	1|6
job596	SUCCESS	0013881	0013881	014000.83	014006.00	000005.17	false	1|6	1|6
job597	SUCCESS	0013897	0013897	014020.83	014022.00	000001.17	false	1|6	1|6
job599	SUCCESS	0013922	0013922	014038.83	014047.00	000008.17	false	1|6	1|6
job600	SUCCESS	0013927	0013927	014046.83	014052.00	000005.17	false	1|6	1|6
job220	SUCCESS	0007001	0014020	014133.25	007126.00	-007007.25	true	1|6	1|6
job603	SUCCESS	0014020	0014020	014136.83	014145.00	000008.17	false	1|6	1|6
job222	SUCCESS	0007016	0014057	014171.83	007141.00	-007030.83	true	1|6	1|6
job221	SUCCESS	0007016	0014057	014174.83	007141.00	-007033.83	true	1|6	1|6
job604	SUCCESS	0014110	0014110	014223.83	014235.00	000011.17	false	1|6	1|6
job605	SUCCESS	0014166	0014166	014289.83	014291.00	000001.17	false	1|6	1|6
job608	SUCCESS	0014213	0014213	014328.83	014338.00	000009.17	false	1|6	1|6
job606	SUCCESS	0014212	0014212	014332.83	014337.00	000004.17	false	1|6	1|6
job607	SUCCESS	0014212	0014212	014332.83	014337.00	000004.17	false	1|6	1|6
job611	SUCCESS	0014214	0014214	014332.83	014339.00	000006.17	false	1|6	1|6
job609	SUCCESS	0014213	0014213	014334.83	014338.00	000003.17	false	1|6	1|6
job610	SUCCESS	0014214	0014214	014336.83	014339.00	000002.17	false	1|6	1|6
job612	SUCCESS	0014248	0014248	014366.83	014373.00	000006.17	false	1|6	1|6
job614	SUCCESS	0014295	0014295	014410.83	014420.00	000009.17	false	1|6	1|6
job615	SUCCESS	0014306	0014306	014427.83	014431.00	000003.17	false	1|6	1|6
job616	SUCCESS	0014321	0014321	014438.83	014446.00	000007.17	false	1|6	1|6
job619	SUCCESS	0014364	0014364	014477.83	014489.00	000011.17	false	1|6	1|6
job618	SUCCESS	0014359	0014359	014481.83	014484.00	000002.17	false	1|6	1|6
job621	SUCCESS	0014374	0014374	014489.83	014499.00	000009.17	false	1|6	1|6
job620	SUCCESS	0014372	0014372	014492.83	014497.00	000004.17	false	1|6	1|6
job622	SUCCESS	0014381	0014381	014500.83	014506.00	000005.17	false	1|6	1|6
job623	SUCCESS	0014401	0014401	014523.83	014526.00	000002.17	false	1|6	1|6
job625	SUCCESS	0014419	0014419	014537.83	014544.00	000006.17	false	1|6	1|6
job624	SUCCESS	0014407	0014407	014540.83	014542.16	000001.32	false	66|6	66|6
job626	SUCCESS	0014433	0014433	014556.83	014558.00	000001.17	false	1|6	1|6
job628	SUCCESS	0014446	0014446	014563.83	014571.00	000007.17	false	1|6	1|6
job630	SUCCESS	0014469	0014469	014584.83	014594.00	000009.17	false	1|6	1|6
job627	SUCCESS	0014440	0014440	014590.83	014591.59	000000.76	false	171|6	171|6
job631	SUCCESS	0014514	0014514	014630.83	014639.00	000008.17	false	1|6	1|6
job632	SUCCESS	0014520	0014520	014643.83	014645.00	000001.17	false	1|6	1|6
job633	SUCCESS	0014523	0014523	014645.83	014648.00	000002.17	false	1|6	1|6
job636	SUCCESS	0014532	0014532	014650.83	014657.00	000006.17	false	1|6	1|6
job637	SUCCESS	0014539	0014539	014658.83	014664.00	000005.17	false	1|6	1|6
job640	SUCCESS	0014583	0014583	014696.83	014708.00	000011.17	false	1|6	1|6
job641	SUCCESS	0014637	0014637	014759.83	014762.00	000002.17	false	1|6	1|6
job642	SUCCESS	0014642	0014642	014761.83	014767.00	000005.17	false	1|6	1|6
job644	SUCCESS	0014651	0014651	014771.83	014776.00	000004.17	false	1|6	1|6
job647	SUCCESS	0014703	0014703	014816.83	014828.00	000011.17	false	1|6	1|6
job649	SUCCESS	0014749	0014749	014867.83	014874.00	000006.17	false	1|6	1|6
job648	SUCCESS	0014747	0014747	014868.83	014872.00	000003.17	false	1|6	1|6
job650	SUCCESS	0014785	0014785	014904.83	014910.00	000005.17	false	1|6	1|6
job651	SUCCESS	0014819	0014819	014933.83	014944.00	000010.17	false	1|6	1|6
job653	SUCCESS	0014830	0014830	014948.83	014955.00	000006.17	false	1|6	1|6
job654	SUCCESS	0014871	0014871	014986.83	014996.00	000009.17	false	1|6	1|6
job655	SUCCESS	0014885	0014885	015001.83	015010.00	000008.17	false	1|6	1|6
job656	SUCCESS	0014896	0014896	015017.83	015021.00	000003.17	false	1|6	1|6
job658	SUCCESS	0014939	0014939	015053.83	015064.00	000010.17	false	1|6	1|6
job660	SUCCESS	0014949	0014949	015064.83	015074.00	000009.17	false	1|6	1|6
job659	SUCCESS	0014946	0014946	015064.83	015071.00	000006.17	false	1|6	1|6
job661	SUCCESS	0014954	0014954	015071.83	015079.00	000007.17	false	1|6	1|6
job663	SUCCESS	0014983	0014983	015097.83	015108.00	000010.17	false	1|6	1|6
job664	SUCCESS	0014994	0014994	015114.83	015119.00	000004.17	false	1|6	1|6
job667	SUCCESS	0015001	0015001	015117.83	015126.00	000008.17	false	1|6	1|6
job669	SUCCESS	0015019	0015019	015136.83	015144.00	000007.17	false	1|6	1|6
job671	SUCCESS	0015034	0015034	015156.83	015159.00	000002.17	false	1|6	1|6
job666	SUCCESS	0015000	0015000	015159.83	015161.30	000001.47	false	233|6	233|6
job672	SUCCESS	0015041	0015041	015163.83	015166.00	000002.17	false	1|6	1|6
job674	SUCCESS	0015094	0015094	015215.83	015219.00	000003.17	false	1|6	1|6
job676	SUCCESS	0015120	0015120	015237.83	015245.00	000007.17	false	1|6	1|6
job675	SUCCESS	0015111	0015111	015253.83	015254.71	000000.88	false	120|6	120|6
job677	SUCCESS	0015185	0015185	015307.83	015310.00	000002.17	false	1|6	1|6
job679	SUCCESS	0015192	0015192	015311.83	015317.00	000005.17	false	1|6	1|6
job682	SUCCESS	0015251	0015251	015373.83	015376.00	000002.17	false	1|6	1|6
job683	SUCCESS	0015289	0015289	015404.83	015414.00	000009.17	false	1|6	1|6
job684	SUCCESS	0015292	0015292	015407.83	015417.00	000009.17	false	1|6	1|6
job685	SUCCESS	0015302	0015302	015421.83	015427.00	000005.17	false	1|6	1|6
job686	SUCCESS	0015327	0015327	015450.83	015452.00	000001.17	false	1|6	1|6
job687	SUCCESS	0015346	0015346	015462.83	015471.00	000008.17	false	1|6	1|6
job688	SUCCESS	0015361	0015361	015479.83	015486.00	000006.17	false	1|6	1|6
job689	SUCCESS	0015393	0015393	015519.83	015520.78	000000.94	false	18|6	18|6
job690	SUCCESS	0015411	0015411	015533.83	015536.00	000002.17	false	1|6	1|6
job693	SUCCESS	0015424	0015424	015542.83	015549.00	000006.17	false	1|6	1|6
job694	SUCCESS	0015424	0015424	015544.83	015549.00	000004.17	false	1|6	1|6
job692	SUCCESS	0015422	0015422	015545.83	015547.00	000001.17	false	1|6	1|6
job696	SUCCESS	0015428	0015428	015550.83	015553.00	000002.17	false	1|6	1|6
job695	SUCCESS	0015428	0015428	015551.83	015553.00	000001.17	false	1|6	1|6
job698	SUCCESS	0015433	0015433	015554.83	015558.00	000003.17	false	1|6	1|6
job700	SUCCESS	0015445	0015445	015567.83	015570.00	000002.17	false	1|6	1|6
job702	SUCCESS	0015460	0015460	015580.83	015585.00	000004.17	false	1|6	1|6
job703	SUCCESS	0015465	0015465	015588.83	015590.00	000001.17	false	1|6	1|6
job704	SUCCESS	0015480	0015480	015593.83	015605.00	000011.17	false	1|6	1|6
job697	SUCCESS	0015429	0015429	015599.83	015600.57	000000.73	false	299|6	299|6
job706	SUCCESS	0015491	0015491	015604.83	015616.00	000011.17	false	1|6	1|6
job707	SUCCESS	0015493	0015493	015613.83	015618.00	000004.17	false	1|6	1|6
job708	SUCCESS	0015522	0015522	015637.83	015647.00	000009.17	false	1|6	1|6
job709	SUCCESS	0015545	0015545	015662.83	015670.00	000007.17	false	1|6	1|6
job710	SUCCESS	0015562	0015562	015675.83	015687.00	000011.17	false	1|6	1|6
job711	SUCCESS	0015603	0015603	015717.83	015728.00	000010.17	false	1|6	1|6
job712	SUCCESS	0015606	0015606	015723.83	015731.00	000007.17	false	1|6	1|6
job713	SUCCESS	0015637	0015637	015754.83	015762.00	000007.17	false	1|6	1|6
job714	SUCCESS	0015646	0015646	015769.83	015771.91	000002.07	false	6|6	6|6
job715	SUCCESS	0015663	0015663	015778.83	015788.00	000009.17	false	1|6	1|6
job719	SUCCESS	0015711	0015711	015824.83	015836.00	000011.17	false	1|6	1|6
job718	SUCCESS	0015709	0015709	015824.83	015834.00	000009.17	false	1|6	1|6
job722	SUCCESS	0015726	0015726	015840.83	015851.12	000010.29	false	1|6	1|6
job721	SUCCESS	0015725	0015725	015844.83	015850.00	000005.17	false	1|6	1|6
job723	SUCCESS	0015727	0015727	015844.83	015852.00	000007.17	false	1|6	1|6
job725	SUCCESS	0015741	0015741	015863.83	015866.00	000002.17	false	1|6	1|6
job726	SUCCESS	0015750	0015750	015864.83	015875.00	000010.17	false	1|6	1|6
job727	SUCCESS	0015785	0015785	015898.83	015910.01	000011.18	false	1|6	1|6
job728	SUCCESS	0015807	0015807	015926.83	015932.00	000005.17	false	1|6	1|6
job730	SUCCESS	0015841	0015841	015955.83	015966.00	000010.17	false	1|6	1|6
job732	SUCCESS	0015868	0015868	015985.83	015993.00	000007.17	false	1|6	1|6
job733	SUCCESS	0015874	0015874	015991.83	015999.00	000007.17	false	1|6	1|6
job735	SUCCESS	0015885	0015885	015998.83	016010.00	000011.17	false	1|6	1|6
job737	SUCCESS	0015894	0015894	016013.83	016019.00	000005.17	false	1|6	1|6
job736	SUCCESS	0015892	0015892	016015.83	016017.00	000001.17	false	1|6	1|6
job738	SUCCESS	0015898	0015898	016021.83	016023.00	000001.17	false	1|6	1|6
job740	SUCCESS	0015910	0015910	016023.83	016035.00	000011.17	false	1|6	1|6
job739	SUCCESS	0015902	0015902	016030.83	016031.96	000001.12	false	32|6	32|6
job741	SUCCESS	0015911	0015911	016032.83	016036.00	000003.17	false	1|6	1|6
job742	SUCCESS	0015924	0015924	016040.83	016049.00	000008.17	false	1|6	1|6
job743	SUCCESS	0015925	0015925	016047.83	016050.00	000002.17	false	1|6	1|6
job744	SUCCESS	0015947	0015947	016064.83	016072.00	000007.17	false	1|6	1|6
job745	SUCCESS	0015956	0015956	016072.83	016081.00	000008.17	false	1|6	1|6
job746	SUCCESS	0015968	0015968	016083.83	016093.00	000009.17	false	1|6	1|6
job747	SUCCESS	0015981	0015981	016098.83	016106.00	000007.17	false	1|6	1|6
job748	SUCCESS	0016029	0016029	016146.83	016154.00	000007.17	false	1|6	1|6
job749	SUCCESS	0016030	0016030	016149.83	016155.40	000005.57	false	3|6	3|6
job750	SUCCESS	0016038	0016038	016155.83	016163.00	000007.17	false	1|6	1|6
job751	SUCCESS	0016041	0016041	016160.83	016166.00	000005.17	false	1|6	1|6
job752	SUCCESS	0016051	0016051	016168.83	016176.00	000007.17	false	1|6	1|6
job754	SUCCESS	0016081	0016081	016198.83	016206.00	000007.17	false	1|6	1|6
job756	SUCCESS	0016286	0016286	016401.00	016411.00	000010.00	false	1|6	1|6
job757	SUCCESS	0016286	0016286	016404.00	016411.00	000007.00	false	1|6	1|6
job755	SUCCESS	0016280	0016280	016405.00	016405.00	000000.00	false	1|6	1|6
job758	SUCCESS	0016290	0016290	016413.00	016415.00	000002.00	false	1|6	1|6
job760	SUCCESS	0016293	0016293	016416.00	016418.00	000002.00	false	1|6	1|6
job761	SUCCESS	0016297	0016297	016422.00	016422.00	000000.00	false	1|6	1|6
job762	SUCCESS	0016297	0016297	016422.00	016422.00	000000.00	false	1|6	1|6
job765	SUCCESS	0016302	0016302	016423.00	016427.00	000004.00	false	1|6	1|6
job764	SUCCESS	0016301	0016301	016424.00	016426.00	000002.00	false	1|6	1|6
job766	SUCCESS	0016306	0016306	016430.00	016431.00	000001.00	false	1|6	1|6
job768	SUCCESS	0016312	0016312	016433.00	016437.00	000004.00	false	1|6	1|6
job767	SUCCESS	0016311	0016311	016436.00	016436.00	000000.00	false	1|6	1|6
job771	SUCCESS	0016318	0016318	016436.00	016443.00	000007.00	false	1|6	1|6
job773	SUCCESS	0016323	0016323	016439.00	016448.00	000009.00	false	1|6	1|6
job770	SUCCESS	0016318	0016318	016443.00	016443.00	000000.00	false	1|6	1|6
job774	SUCCESS	0016324	0016324	016448.00	016449.00	000001.00	false	1|6	1|6
job776	SUCCESS	0016336	0016336	016458.00	016461.00	000003.00	false	1|6	1|6
job777	SUCCESS	0016348	0016348	016465.00	016473.00	000008.00	false	1|6	1|6
job778	SUCCESS	0016351	0016351	016475.00	016476.00	000001.00	false	1|6	1|6
job779	SUCCESS	0016351	0016351	016476.00	016476.00	000000.00	false	1|6	1|6
job780	SUCCESS	0016364	0016364	016480.00	016489.00	000009.00	false	1|6	1|6
job781	SUCCESS	0016369	0016369	016489.00	016494.01	000005.01	false	1|6	1|6
job783	SUCCESS	0016378	0016378	016495.00	016503.00	000008.00	false	1|6	1|6
job782	SUCCESS	0016374	0016374	016502.00	016501.78	-000000.22	true	18|6	18|6
job784	SUCCESS	0016384	0016384	016503.00	016509.00	000006.00	false	1|6	1|6
job786	SUCCESS	0016398	0016398	016523.00	016523.00	000000.00	false	1|6	1|6
job787	SUCCESS	0016412	0016412	016537.00	016537.00	000000.00	false	1|6	1|6
job791	SUCCESS	0016426	0016426	016542.00	016551.00	000009.00	false	1|6	1|6
job792	SUCCESS	0016436	0016436	016555.00	016561.00	000006.00	false	1|6	1|6
job793	SUCCESS	0016445	0016445	016560.00	016570.00	000010.00	false	1|6	1|6
job794	SUCCESS	0016446	0016446	016562.00	016571.00	000009.00	false	1|6	1|6
job795	SUCCESS	0016447	0016447	016570.00	016572.00	000002.00	false	1|6	1|6
job796	SUCCESS	0016450	0016450	016572.00	016575.00	000003.00	false	1|6	1|6
job800	SUCCESS	0016484	0016484	016606.00	016609.00	000003.00	false	1|6	1|6
job799	SUCCESS	0016481	0016481	016609.00	016608.78	-000000.22	true	18|6	18|6
job803	SUCCESS	0016518	0016518	016635.00	016643.00	000008.00	false	1|6	1|6
job805	SUCCESS	0016533	0016533	016658.00	016658.00	000000.00	false	1|6	1|6
job806	SUCCESS	0016546	0016546	016662.00	016671.00	000009.00	false	1|6	1|6
job808	SUCCESS	0016571	0016571	016691.00	016696.00	000005.00	false	1|6	1|6
job809	SUCCESS	0016572	0016572	016691.00	016697.00	000006.00	false	1|6	1|6
job810	SUCCESS	0016575	0016575	016696.00	016700.00	000004.00	false	1|6	1|6
job811	SUCCESS	0016588	0016588	016705.00	016713.00	000008.00	false	1|6	1|6
job813	SUCCESS	0016596	0016596	016721.00	016721.00	000000.00	false	1|6	1|6
job814	SUCCESS	0016602	0016602	016724.00	016727.00	000003.00	false	1|6	1|6
job790	SUCCESS	0016425	0016425	016737.00	016736.79	-000000.21	true	1196|6	1196|6
job818	SUCCESS	0016649	0016649	016769.00	016774.00	000005.00	false	1|6	1|6
job812	SUCCESS	0016589	0016589	016772.00	016772.36	000000.36	false	374|6	374|6
job819	SUCCESS	0016656	0016656	016772.00	016781.00	000009.00	false	1|6	1|6
job820	SUCCESS	0016658	0016658	016777.00	016783.00	000006.00	false	1|6	1|6
job821	SUCCESS	0016662	0016662	016779.00	016787.00	000008.00	false	1|6	1|6
job822	SUCCESS	0016672	0016672	016789.00	016797.00	000008.00	false	1|6	1|6
job823	SUCCESS	0016682	0016682	016802.00	016807.00	000005.00	false	1|6	1|6
job824	SUCCESS	0016697	0016697	016822.00	016822.00	000000.00	false	1|6	1|6
job825	SUCCESS	0016707	0016707	016830.00	016832.00	000002.00	false	1|6	1|6
job827	SUCCESS	0016712	0016712	016831.00	016837.00	000006.00	false	1|6	1|6
job826	SUCCESS	0016711	0016711	016833.00	016836.00	000003.00	false	1|6	1|6
job828	SUCCESS	0016722	0016722	016838.00	016847.00	000009.00	false	1|6	1|6
job829	SUCCESS	0016731	0016731	016850.00	016856.00	000006.00	false	1|6	1|6
job830	SUCCESS	0016743	0016743	016865.00	016868.00	000003.00	false	1|6	1|6
job832	SUCCESS	0016760	0016760	016878.00	016885.00	000007.00	false	1|6	1|6
job831	SUCCESS	0016760	0016760	016884.00	016885.00	000001.00	false	1|6	1|6
job833	SUCCESS	0016767	0016767	016889.00	016892.00	000003.00	false	1|6	1|6
job834	SUCCESS	0016777	0016777	016893.00	016902.00	000009.00	false	1|6	1|6
job835	SUCCESS	0016805	0016805	016928.00	016930.00	000002.00	false	1|6	1|6
job836	SUCCESS	0016821	0016821	016936.00	016946.00	000010.00	false	1|6	1|6
job837	SUCCESS	0016833	0016833	016958.00	016958.00	000000.00	false	1|6	1|6
job838	SUCCESS	0016835	0016835	016958.00	016960.00	000002.00	false	1|6	1|6
job840	SUCCESS	0016844	0016844	016960.00	016969.00	000009.00	false	1|6	1|6
job841	SUCCESS	0016849	0016849	016969.00	016974.00	000005.00	false	1|6	1|6
job842	SUCCESS	0016851	0016851	016972.00	016976.00	000004.00	false	1|6	1|6
job843	SUCCESS	0016856	0016856	016980.00	016981.00	000001.00	false	1|6	1|6
job844	SUCCESS	0016859	0016859	016984.00	016984.00	000000.00	false	1|6	1|6
job845	SUCCESS	0016863	0016863	016986.00	016988.00	000002.00	false	1|6	1|6
job846	SUCCESS	0016869	0016869	016988.00	016994.00	000006.00	false	1|6	1|6
job848	SUCCESS	0016875	0016875	016993.00	017000.00	000007.00	false	1|6	1|6
job851	SUCCESS	0016887	0016887	017006.00	017012.00	000006.00	false	1|6	1|6
job853	SUCCESS	0016893	0016893	017012.00	017018.00	000006.00	false	1|6	1|6
job855	SUCCESS	0016898	0016898	017014.00	017023.00	000009.00	false	1|6	1|6
job852	SUCCESS	0016892	0016892	017016.00	017017.00	000001.00	false	1|6	1|6
job856	SUCCESS	0016899	0016899	017016.00	017024.00	000008.00	false	1|6	1|6
job854	SUCCESS	0016898	0016898	017019.00	017023.00	000004.00	false	1|6	1|6
job857	SUCCESS	0016903	0016903	017028.00	017028.00	000000.00	false	1|6	1|6
job858	SUCCESS	0016906	0016906	017031.00	017031.00	000000.00	false	1|6	1|6
job860	SUCCESS	0016917	0016917	017035.00	017042.00	000007.00	false	1|6	1|6
job862	SUCCESS	0016925	0016925	017040.00	017050.00	000010.00	false	1|6	1|6
job861	SUCCESS	0016918	0016918	017042.00	017043.00	000001.00	false	1|6	1|6
job865	SUCCESS	0016937	0016937	017053.00	017062.00	000009.00	false	1|6	1|6
job863	SUCCESS	0016932	0016932	017056.00	017057.00	000001.00	false	1|6	1|6
job867	SUCCESS	0016939	0016939	017059.00	017064.00	000005.00	false	1|6	1|6
job868	SUCCESS	0016942	0016942	017063.00	017067.00	000004.00	false	1|6	1|6
job869	SUCCESS	0016946	0016946	017068.00	017071.00	000003.00	false	1|6	1|6
job870	SUCCESS	0016949	0016949	017071.00	017074.00	000003.00	false	1|6	1|6
job871	SUCCESS	0016953	0016953	017071.00	017078.00	000007.00	false	1|6	1|6
job872	SUCCESS	0016954	0016954	017079.00	017079.00	000000.00	false	1|6	1|6
job873	SUCCESS	0016966	0016966	017091.00	017091.00	000000.00	false	1|6	1|6
job875	SUCCESS	0016975	0016975	017091.00	017100.00	000009.00	false	1|6	1|6
job877	SUCCESS	0016987	0016987	017104.00	017112.00	000008.00	false	1|6	1|6
job876	SUCCESS	0016986	0016986	017107.00	017111.00	000004.00	false	1|6	1|6
job879	SUCCESS	0017000	0017000	017118.00	017125.00	000007.00	false	1|6	1|6
job880	SUCCESS	0017008	0017008	017123.00	017133.00	000010.00	false	1|6	1|6
job881	SUCCESS	0017011	0017011	017131.00	017136.00	000005.00	false	1|6	1|6
job883	SUCCESS	0017024	0017024	017143.00	017149.00	000006.00	false	1|6	1|6
job886	SUCCESS	0017041	0017041	017157.00	017166.00	000009.00	false	1|6	1|6
job887	SUCCESS	0017043	0017043	017167.00	017168.03	000001.03	false	1|6	1|6
job889	SUCCESS	0017071	0017071	017189.00	017196.00	000007.00	false	1|6	1|6
job890	SUCCESS	0017074	0017074	017191.00	017199.00	000008.00	false	1|6	1|6
job892	SUCCESS	0017086	0017086	017201.00	017211.00	000010.00	false	1|6	1|6
job893	SUCCESS	0017088	0017088	017210.00	017213.00	000003.00	false	1|6	1|6
job891	SUCCESS	0017083	0017083	017212.00	017211.71	-000000.29	true	24|6	24|6
job894	SUCCESS	0017094	0017094	017219.00	017219.00	000000.00	false	1|6	1|6
job896	SUCCESS	0017109	0017109	017230.00	017234.00	000004.00	false	1|6	1|6
job897	SUCCESS	0017113	0017113	017234.00	017238.00	000004.00	false	1|6	1|6
job898	SUCCESS	0017121	0017121	017236.00	017246.00	000010.00	false	1|6	1|6
job899	SUCCESS	0017129	0017129	017252.00	017254.00	000002.00	false	1|6	1|6
job900	SUCCESS	0017142	0017142	017260.00	017267.00	000007.00	false	1|6	1|6
job901	SUCCESS	0017149	0017149	017269.00	017274.00	000005.00	false	1|6	1|6
job902	SUCCESS	0017155	0017155	017276.00	017280.00	000004.00	false	1|6	1|6
job903	SUCCESS	0017163	0017163	017282.00	017288.00	000006.00	false	1|6	1|6
job904	SUCCESS	0017175	0017175	017299.00	017300.00	000001.00	false	1|6	1|6
job905	SUCCESS	0017176	0017176	017300.00	017301.00	000001.00	false	1|6	1|6
job906	SUCCESS	0017184	0017184	017305.00	017309.00	000004.00	false	1|6	1|6
job907	SUCCESS	0017207	0017207	017329.00	017332.00	000003.00	false	1|6	1|6
job908	SUCCESS	0017216	0017216	017334.00	017341.00	000007.00	false	1|6	1|6
job909	SUCCESS	0017220	0017220	017337.00	017345.00	000008.00	false	1|6	1|6
job910	SUCCESS	0017221	0017221	017337.00	017346.00	000009.00	false	1|6	1|6
job912	SUCCESS	0017224	0017224	017342.00	017349.00	000007.00	false	1|6	1|6
job915	SUCCESS	0017234	0017234	017349.00	017359.00	000010.00	false	1|6	1|6
job913	SUCCESS	0017227	0017227	017352.00	017352.00	000000.00	false	1|6	1|6
job914	SUCCESS	0017230	0017230	017354.00	017355.00	000001.00	false	1|6	1|6
job916	SUCCESS	0017241	0017241	017358.00	017366.00	000008.00	false	1|6	1|6
job917	SUCCESS	0017242	0017242	017362.00	017367.00	000005.00	false	1|6	1|6
job918	SUCCESS	0017245	0017245	017368.00	017370.00	000002.00	false	1|6	1|6
job919	SUCCESS	0017276	0017276	017393.00	017401.00	000008.00	false	1|6	1|6
job920	SUCCESS	0017286	0017286	017404.00	017411.00	000007.00	false	1|6	1|6
job921	SUCCESS	0017292	0017292	017412.00	017417.00	000005.00	false	1|6	1|6
job923	SUCCESS	0017299	0017299	017414.00	017424.00	000010.00	false	1|6	1|6
job922	SUCCESS	0017297	0017297	017421.00	017422.00	000001.00	false	1|6	1|6
job924	SUCCESS	0017300	0017300	017425.00	017425.00	000000.00	false	1|6	1|6
job925	SUCCESS	0017309	0017309	017426.00	017434.00	000008.00	false	1|6	1|6
job926	SUCCESS	0017317	0017317	017440.00	017442.00	000002.00	false	1|6	1|6
job927	SUCCESS	0017322	0017322	017443.00	017447.00	000004.00	false	1|6	1|6
job928	SUCCESS	0017324	0017324	017445.00	017449.00	000004.00	false	1|6	1|6
job929	SUCCESS	0017332	0017332	017448.00	017457.00	000009.00	false	1|6	1|6
job930	SUCCESS	0017335	0017335	017454.00	017460.00	000006.00	false	1|6	1|6
job932	SUCCESS	0017343	0017343	017460.00	017468.00	000008.00	false	1|6	1|6
job931	SUCCESS	0017341	0017341	017461.00	017466.00	000005.00	false	1|6	1|6
job935	SUCCESS	0017352	0017352	017470.00	017477.00	000007.00	false	1|6	1|6
job936	SUCCESS	0017357	0017357	017477.00	017482.00	000005.00	false	1|6	1|6
job939	SUCCESS	0017373	0017373	017488.00	017498.00	000010.00	false	1|6	1|6
job941	SUCCESS	0017391	0017391	017514.00	017516.82	000002.82	false	6|6	6|6
job942	SUCCESS	0017391	0017391	017516.00	017516.00	000000.00	false	1|6	1|6
job944	SUCCESS	0017406	0017406	017528.00	017531.00	000003.00	false	1|6	1|6
job947	SUCCESS	0017414	0017414	017531.00	017539.00	000008.00	false	1|6	1|6
job945	SUCCESS	0017409	0017409	017534.00	017534.00	000000.00	false	1|6	1|6
job950	SUCCESS	0017433	0017433	017552.00	017558.00	000006.00	false	1|6	1|6
job949	SUCCESS	0017431	0017431	017554.00	017556.00	000002.00	false	1|6	1|6
job952	SUCCESS	0017438	0017438	017554.00	017563.00	000009.00	false	1|6	1|6
job953	SUCCESS	0017448	0017448	017569.00	017573.00	000004.00	false	1|6	1|6
job955	SUCCESS	0017463	0017463	017581.00	017588.00	000007.00	false	1|6	1|6
job956	SUCCESS	0017468	0017468	017586.00	017593.00	000007.00	false	1|6	1|6
job957	SUCCESS	0017472	0017472	017594.00	017597.00	000003.00	false	1|6	1|6
job958	SUCCESS	0017473	0017473	017596.00	017598.00	000002.00	false	1|6	1|6
job959	SUCCESS	0017481	0017481	017598.00	017606.00	000008.00	false	1|6	1|6
job960	SUCCESS	0017486	0017486	017607.00	017611.00	000004.00	false	1|6	1|6
job961	SUCCESS	0017488	0017488	017607.00	017613.00	000006.00	false	1|6	1|6
job962	SUCCESS	0017493	0017493	017610.00	017618.00	000008.00	false	1|6	1|6
job964	SUCCESS	0017499	0017499	017620.00	017624.00	000004.00	false	1|6	1|6
job965	SUCCESS	0017509	0017509	017629.00	017634.00	000005.00	false	1|6	1|6
job968	SUCCESS	0017518	0017518	017633.00	017643.00	000010.00	false	1|6	1|6
job967	SUCCESS	0017517	0017517	017637.00	017642.00	000005.00	false	1|6	1|6
job972	SUCCESS	0017529	0017529	017647.00	017654.00	000007.00	false	1|6	1|6
job973	SUCCESS	0017532	0017532	017647.00	017657.00	000010.00	false	1|6	1|6
job971	SUCCESS	0017524	0017524	017649.00	017649.00	000000.00	false	1|6	1|6
job977	SUCCESS	0017539	0017539	017656.00	017664.00	000008.00	false	1|6	1|6
job975	SUCCESS	0017537	0017537	017659.00	017662.00	000003.00	false	1|6	1|6
job979	SUCCESS	0017549	0017549	017666.00	017674.00	000008.00	false	1|6	1|6
job980	SUCCESS	0017553	0017553	017673.00	017678.00	000005.00	false	1|6	1|6
job981	SUCCESS	0017562	0017562	017682.00	017687.00	000005.00	false	1|6	1|6
job982	SUCCESS	0017566	0017566	017691.00	017691.00	000000.00	false	1|6	1|6
job984	SUCCESS	0017595	0017595	017710.00	017720.09	000010.09	false	1|6	1|6
job983	SUCCESS	0017591	0017591	017712.00	017716.00	000004.00	false	1|6	1|6
job985	SUCCESS	0017596	0017596	017715.00	017721.00	000006.00	false	1|6	1|6
job986	SUCCESS	0017629	0017629	017744.00	017754.00	000010.00	false	1|6	1|6
job989	SUCCESS	0017654	0017654	017775.00	017779.00	000004.00	false	1|6	1|6
job987	SUCCESS	0017630	0017630	017804.00	017804.02	000000.02	false	314|6	314|6
job991	SUCCESS	0017703	0017703	017822.00	017828.00	000006.00	false	1|6	1|6
job993	SUCCESS	0017717	0017717	017841.00	017842.00	000001.00	false	1|6	1|6
job997	SUCCESS	0017737	0017737	017853.00	017862.00	000009.00	false	1|6	1|6
job996	SUCCESS	0017732	0017732	017861.00	017860.85	-000000.15	true	25|6	25|6
job999	SUCCESS	0017818	0017818	017936.00	017943.00	000007.00	false	1|6	1|6
job994	SUCCESS	0017724	0017724	018036.00	018035.79	-000000.21	true	1196|6	1196|6
job969	SUCCESS	0017519	0017519	019324.00	019324.00	000000.00	false	2000|6	2000|6
job217	SUCCESS	0006980	0020992	021116.08	007105.00	-014011.08	true	1|6	1|6
job440	SUCCESS	0010817	0021659	021783.00	010942.00	-010841.00	true	1|6	1|6
job451	SUCCESS	0010922	0021869	021989.02	011047.12	-010941.91	true	1|6	1|6
job461	SUCCESS	0011214	0022453	022573.00	011339.00	-011234.00	true	1|6	1|6
job185	SUCCESS	0005960	0023907	024030.67	006085.00	-017945.67	true	1|6	1|6
job480	SUCCESS	0011981	0023987	024105.00	012106.00	-011999.00	true	1|6	1|6
job481	SUCCESS	0012116	0024257	024376.00	012241.00	-012135.00	true	1|6	1|6
job491	SUCCESS	0012374	0024766	024884.86	012499.00	-012385.86	true	1|6	1|6
job504	SUCCESS	0012571	0025167	025287.00	012696.00	-012591.00	true	1|6	1|6
job505	SUCCESS	0012592	0025215	025329.25	012717.00	-012612.25	true	1|6	1|6
job512	SUCCESS	0012683	0025387	025501.83	012808.00	-012693.83	true	1|6	1|6
job520	SUCCESS	0012798	0025617	025737.83	012923.00	-012814.83	true	1|6	1|6
job528	SUCCESS	0012935	0025888	026006.86	013060.00	-012946.86	true	1|6	1|6
job539	SUCCESS	0013186	0026390	026506.83	013311.00	-013195.83	true	1|6	1|6
job540	SUCCESS	0013195	0026411	026532.83	013320.00	-013212.83	true	1|6	1|6
job524	SUCCESS	0012843	0025858	026544.96	013530.83	-013014.13	true	3603|6	3603|6
job546	SUCCESS	0013279	0026583	026703.00	013404.00	-013299.00	true	1|6	1|6
job557	SUCCESS	0013421	0026863	026987.83	013546.00	-013441.83	true	1|6	1|6
job577	SUCCESS	0013730	0027491	027611.25	013855.00	-013756.25	true	1|6	1|6
job579	SUCCESS	0013764	0027546	027659.83	013889.00	-013770.83	true	1|6	1|6
job584	SUCCESS	0013802	0027635	027755.25	013927.00	-013828.25	true	1|6	1|6
job587	SUCCESS	0013812	0027642	027757.83	013937.00	-013820.83	true	1|6	1|6
job586	SUCCESS	0013812	0027645	027758.83	013937.00	-013821.83	true	1|6	1|6
job592	SUCCESS	0013850	0027731	027848.25	013975.00	-013873.25	true	1|6	1|6
job598	SUCCESS	0013916	0027850	027967.86	014041.00	-013926.86	true	1|6	1|6
job601	SUCCESS	0013935	0027895	028013.00	014060.00	-013953.00	true	1|6	1|6
job613	SUCCESS	0014274	0028566	028681.86	014399.00	-014282.86	true	1|6	1|6
job629	SUCCESS	0014465	0028955	029074.00	014590.00	-014484.00	true	1|6	1|6
job635	SUCCESS	0014528	0029081	029201.86	014653.00	-014548.86	true	1|6	1|6
job638	SUCCESS	0014555	0029135	029249.86	014680.00	-014569.86	true	1|6	1|6
job639	SUCCESS	0014564	0029146	029265.71	014689.00	-014576.71	true	1|6	1|6
job634	SUCCESS	0014524	0029097	029290.00	014718.85	-014571.15	true	448|6	448|6
job643	SUCCESS	0014647	0029315	029428.83	014772.00	-014656.83	true	1|6	1|6
job645	SUCCESS	0014652	0029329	029445.00	014777.00	-014668.00	true	1|6	1|6
job652	SUCCESS	0014826	0029679	029866.84	015013.88	-014852.96	true	403|6	403|6
job665	SUCCESS	0014996	0030017	030134.00	015121.00	-015013.00	true	1|6	1|6
job668	SUCCESS	0015015	0030051	030173.25	015140.00	-015033.25	true	1|6	1|6
job670	SUCCESS	0015027	0030079	030202.83	015152.00	-015050.83	true	1|6	1|6
job673	SUCCESS	0015063	0030157	030273.00	015188.00	-015085.00	true	1|6	1|6
job678	SUCCESS	0015191	0030403	030519.26	015316.00	-015203.26	true	1|6	1|6
job680	SUCCESS	0015206	0030433	030546.83	015331.00	-015215.83	true	1|6	1|6
job681	SUCCESS	0015242	0030515	030635.26	015367.03	-015268.22	true	1|6	1|6
job691	SUCCESS	0015421	0030873	030992.86	015546.00	-015446.86	true	1|6	1|6
job699	SUCCESS	0015443	0030907	031021.25	015568.00	-015453.25	true	1|6	1|6
job705	SUCCESS	0015484	0030986	031108.83	015609.00	-015499.83	true	1|6	1|6
job716	SUCCESS	0015708	0031437	031556.25	015833.00	-015723.25	true	1|6	1|6
job717	SUCCESS	0015708	0031447	031561.25	015833.00	-015728.25	true	1|6	1|6
job720	SUCCESS	0015712	0031455	031569.25	015837.00	-015732.25	true	1|6	1|6
job724	SUCCESS	0015739	0031496	031612.83	015864.00	-015748.83	true	1|6	1|6
job729	SUCCESS	0015838	0031701	031822.00	015963.00	-015859.00	true	1|6	1|6
job734	SUCCESS	0015881	0031783	031901.83	016006.00	-015895.83	true	1|6	1|6
job753	SUCCESS	0016061	0032147	032270.00	016186.00	-016084.00	true	1|6	1|6
job442	SUCCESS	0010835	0032557	032675.08	010960.00	-021715.08	true	1|6	1|6
job759	SUCCESS	0016291	0032600	032713.83	016416.03	-016297.80	true	1|6	1|6
job763	SUCCESS	0016298	0032614	032737.83	016423.00	-016314.83	true	1|6	1|6
job772	SUCCESS	0016321	0032663	032779.83	016446.00	-016333.83	true	1|6	1|6
job775	SUCCESS	0016334	0032693	032817.00	016459.00	-016358.00	true	1|6	1|6
job785	SUCCESS	0016388	0032794	032917.83	016513.00	-016404.83	true	1|6	1|6
job789	SUCCESS	0016419	0032863	032983.00	016544.00	-016439.00	true	1|6	1|6
job797	SUCCESS	0016465	0032948	033069.71	016590.00	-016479.71	true	1|6	1|6
job455	SUCCESS	0010978	0032970	033088.00	011103.00	-021985.00	true	1|6	1|6
job801	SUCCESS	0016501	0033028	033155.00	016630.12	-016524.88	true	27|6	27|6
job802	SUCCESS	0016516	0033057	033180.82	016641.00	-016539.82	true	1|6	1|6
job804	SUCCESS	0016532	0033089	033206.82	016657.00	-016549.82	true	1|6	1|6
job807	SUCCESS	0016558	0033141	033257.82	016683.00	-016574.82	true	1|6	1|6
job815	SUCCESS	0016624	0033273	033387.00	016749.00	-016638.00	true	1|6	1|6
job816	SUCCESS	0016626	0033270	033389.83	016751.17	-016638.67	true	2|6	2|6
job817	SUCCESS	0016633	0033287	033407.83	016758.00	-016649.83	true	1|6	1|6
job839	SUCCESS	0016843	0033704	033817.86	016968.00	-016849.86	true	1|6	1|6
job847	SUCCESS	0016870	0033765	033888.00	016995.00	-016893.00	true	1|6	1|6
job850	SUCCESS	0016882	0033782	033897.83	017007.00	-016890.83	true	1|6	1|6
job849	SUCCESS	0016880	0033785	033900.00	017005.00	-016895.00	true	1|6	1|6
job859	SUCCESS	0016911	0033843	033956.83	017036.00	-016920.83	true	1|6	1|6
job866	SUCCESS	0016938	0033897	034010.83	017063.00	-016947.83	true	1|6	1|6
job874	SUCCESS	0016967	0033955	034068.83	017092.00	-016976.83	true	1|6	1|6
job882	SUCCESS	0017020	0034058	034178.83	017145.00	-017033.83	true	1|6	1|6
job884	SUCCESS	0017030	0034081	034194.83	017155.00	-017039.83	true	1|6	1|6
job885	SUCCESS	0017039	0034099	034214.83	017164.00	-017050.83	true	1|6	1|6
job895	SUCCESS	0017105	0034228	034343.86	017230.00	-017113.86	true	1|6	1|6
job911	SUCCESS	0017223	0034482	034700.31	017440.84	-017259.46	true	595|6	595|6
job933	SUCCESS	0017349	0034716	034838.25	017474.00	-017364.25	true	1|6	1|6
job934	SUCCESS	0017351	0034733	034854.00	017476.00	-017378.00	true	1|6	1|6
job937	SUCCESS	0017361	0034753	034870.00	017486.00	-017384.00	true	1|6	1|6
job940	SUCCESS	0017387	0034799	034917.83	017512.00	-017405.83	true	1|6	1|6
job943	SUCCESS	0017397	0034825	034939.86	017522.00	-017417.86	true	1|6	1|6
job946	SUCCESS	0017410	0034841	034957.00	017535.00	-017422.00	true	1|6	1|6
job948	SUCCESS	0017426	0034877	034992.83	017551.00	-017441.83	true	1|6	1|6
job954	SUCCESS	0017455	0034928	035042.25	017580.00	-017462.25	true	1|6	1|6
job963	SUCCESS	0017498	0035021	035135.25	017623.00	-017512.25	true	1|6	1|6
job970	SUCCESS	0017521	0035060	035176.25	017646.00	-017530.25	true	1|6	1|6
job976	SUCCESS	0017538	0035101	035215.77	017663.00	-017552.77	true	1|6	1|6
job974	SUCCESS	0017534	0035094	035221.25	017662.85	-017558.40	true	25|6	25|6
job978	SUCCESS	0017545	0035115	035237.77	017670.00	-017567.77	true	1|6	1|6
job988	SUCCESS	0017637	0035292	035413.00	017762.00	-017651.00	true	1|6	1|6
job990	SUCCESS	0017691	0035407	035521.86	017816.00	-017705.86	true	1|6	1|6
job477	SUCCESS	0011826	0035524	035641.86	011951.14	-023690.71	true	1|6	1|6
job998	SUCCESS	0017767	0035559	035675.00	017892.00	-017783.00	true	1|6	1|6
job992	SUCCESS	0017716	0035485	035749.00	017981.42	-017767.58	true	899|6	899|6
job1000	SUCCESS	0017819	0035663	035785.00	017944.00	-017841.00	true	1|6	1|6
job482	SUCCESS	0012183	0036605	036726.25	012308.00	-024418.25	true	1|6	1|6
job488	SUCCESS	0012290	0036909	037030.69	012415.00	-024615.69	true	1|6	1|6
job494	SUCCESS	0012408	0037273	037397.11	012533.00	-024864.11	true	1|6	1|6
job501	SUCCESS	0012509	0037579	037699.08	012634.00	-025065.08	true	1|6	1|6
job525	SUCCESS	0012859	0038613	038731.71	012984.00	-025747.71	true	1|6	1|6
job541	SUCCESS	0013216	0039704	039822.25	013341.00	-026481.25	true	1|6	1|6
job565	SUCCESS	0013529	0040639	040755.08	013654.00	-027101.08	true	1|6	1|6
job578	SUCCESS	0013751	0041292	041409.69	013876.00	-027533.69	true	1|6	1|6
job602	SUCCESS	0013998	0042046	042170.08	014123.00	-028047.08	true	1|6	1|6
job617	SUCCESS	0014339	0043067	043187.00	014464.00	-028723.00	true	1|6	1|6
job646	SUCCESS	0014671	0044062	044184.11	014796.00	-029388.11	true	1|6	1|6
job662	SUCCESS	0014969	0044963	045086.25	015094.00	-029992.25	true	1|6	1|6
job701	SUCCESS	0015448	0046393	046508.11	015573.00	-030935.11	true	1|6	1|6
job731	SUCCESS	0015858	0047623	047738.11	015983.00	-031755.11	true	1|6	1|6
job769	SUCCESS	0016317	0048997	049118.83	016442.00	-032676.83	true	1|6	1|6
job788	SUCCESS	0016415	0049297	049415.08	016540.00	-032875.08	true	1|6	1|6
job798	SUCCESS	0016478	0049486	049606.08	016603.00	-033003.08	true	1|6	1|6
job502	SUCCESS	0012531	0050184	050301.52	012656.00	-037645.52	true	1|6	1|6
job864	SUCCESS	0016936	0050857	050980.11	017061.00	-033919.11	true	1|6	1|6
job878	SUCCESS	0016997	0051054	051178.50	017122.00	-034056.50	true	1|6	1|6
job888	SUCCESS	0017055	0051208	051322.86	017180.00	-034142.86	true	1|6	1|6
job938	SUCCESS	0017372	0052158	052275.67	017497.00	-034778.67	true	1|6	1|6
job535	SUCCESS	0013050	0052288	052403.50	013175.00	-039228.50	true	1|6	1|6
job951	SUCCESS	0017435	0052354	052468.11	017560.00	-034908.11	true	1|6	1|6
job966	SUCCESS	0017516	0052591	052715.86	017641.00	-035074.86	true	1|6	1|6
job995	SUCCESS	0017725	0053231	053355.25	017850.00	-035505.25	true	1|6	1|6
job657	SUCCESS	0014917	0059736	059851.86	015042.00	-044809.86	true	1|6	1|6
